0 1045
0 1046
0 1047
0 1048
0 1049
0 1050
0 1051
0 1068
0 1069
0 1070
0 1071
0 1072
0 1073
1 1045
1 1046
1 1047
1 1048
1 1049
1 1050
1 1051
1 1069
1 1070
1 1071
1 1072
1 1073
2 1046
2 1047
2 1048
2 1049
2 1050
2 1051
2 1052
2 1069
2 1070
2 1071
2 1072
2 1073
3 1046
3 1047
3 1048
3 1049
3 1050
3 1051
3 1052
3 1069
3 1070
3 1071
3 1072
3 1073
4 1046
4 1047
4 1048
4 1049
4 1050
4 1051
4 1052
4 1069
4 1070
4 1071
4 1072
4 1073
4 1074
5 1047
5 1048
5 1049
5 1050
5 1051
5 1052
5 1053
5 1070
5 1071
5 1072
5 1073
5 1074
6 1047
6 1048
6 1049
6 1050
6 1051
6 1052
6 1053
6 1070
6 1071
6 1072
6 1073
6 1074
7 1048
7 1049
7 1050
7 1051
7 1052
7 1053
7 1054
7 1070
7 1071
7 1072
7 1073
7 1074
7 1075
8 1048
8 1049
8 1050
8 1051
8 1052
8 1053
8 1054
8 1071
8 1072
8 1073
8 1074
8 1075
9 1049
9 1050
9 1051
9 1052
9 1053
9 1054
9 1055
9 1071
9 1072
9 1073
9 1074
9 1075
9 1076
10 1050
10 1051
10 1052
10 1053
10 1054
10 1055
10 1072
10 1073
10 1074
10 1075
10 1076
11 1050
11 1051
11 1052
11 1053
11 1054
11 1055
11 1056
11 1072
11 1073
11 1074
11 1075
11 1076
11 1077
12 1051
12 1052
12 1053
12 1054
12 1055
12 1056
12 1073
12 1074
12 1075
12 1076
12 1077
13 1051
13 1052
13 1053
13 1054
13 1055
13 1056
13 1057
13 1073
13 1074
13 1075
13 1076
13 1077
13 1078
14 1052
14 1053
14 1054
14 1055
14 1056
14 1057
14 1074
14 1075
14 1076
14 1077
14 1078
15 1053
15 1054
15 1055
15 1056
15 1057
15 1058
15 1074
15 1075
15 1076
15 1077
15 1078
15 1079
16 1053
16 1054
16 1055
16 1056
16 1057
16 1058
16 1075
16 1076
16 1077
16 1078
16 1079
16 1080
17 1054
17 1055
17 1056
17 1057
17 1058
17 1059
17 1075
17 1076
17 1077
17 1078
17 1079
17 1080
18 1055
18 1056
18 1057
18 1058
18 1059
18 1076
18 1077
18 1078
18 1079
18 1080
18 1081
19 1055
19 1056
19 1057
19 1058
19 1059
19 1060
19 1077
19 1078
19 1079
19 1080
19 1081
20 1056
20 1057
20 1058
20 1059
20 1060
20 1077
20 1078
20 1079
20 1080
20 1081
20 1082
21 1056
21 1057
21 1058
21 1059
21 1060
21 1061
21 1078
21 1079
21 1080
21 1081
21 1082
21 1083
22 1057
22 1058
22 1059
22 1060
22 1061
22 1078
22 1079
22 1080
22 1081
22 1082
22 1083
22 1084
23 1058
23 1059
23 1060
23 1061
23 1062
23 1079
23 1080
23 1081
23 1082
23 1083
23 1084
24 1058
24 1059
24 1060
24 1061
24 1062
24 1063
24 1079
24 1080
24 1081
24 1082
24 1083
24 1084
24 1085
25 1059
25 1060
25 1061
25 1062
25 1063
25 1080
25 1081
25 1082
25 1083
25 1084
25 1085
25 1086
26 1060
26 1061
26 1062
26 1063
26 1064
26 1080
26 1081
26 1082
26 1083
26 1084
26 1085
26 1086
26 1087
26 1088
27 1060
27 1061
27 1062
27 1063
27 1064
27 1065
27 1080
27 1081
27 1082
27 1083
27 1084
27 1085
27 1086
27 1087
27 1088
27 1089
27 1090
27 1091
27 1092
27 1093
27 1094
27 1095
27 1096
27 1097
27 1098
27 1099
27 1100
28 1061
28 1062
28 1063
28 1064
28 1065
28 1066
28 1081
28 1082
28 1083
28 1084
28 1085
28 1086
28 1087
28 1088
28 1089
28 1090
28 1091
28 1092
28 1093
28 1094
28 1095
28 1096
28 1097
28 1098
28 1099
28 1100
29 1062
29 1063
29 1064
29 1065
29 1066
29 1067
29 1081
29 1082
29 1083
29 1084
29 1085
29 1086
29 1087
29 1088
29 1089
29 1090
29 1091
29 1092
29 1093
29 1094
29 1095
29 1096
29 1097
29 1098
29 1099
29 1100
30 1062
30 1063
30 1064
30 1065
30 1066
30 1067
30 1068
30 1081
30 1082
30 1083
30 1084
30 1085
30 1086
30 1087
30 1088
30 1089
30 1090
30 1091
30 1092
30 1093
30 1094
30 1095
30 1096
30 1097
30 1098
30 1099
30 1100
31 1063
31 1064
31 1065
31 1066
31 1067
31 1068
31 1069
31 1070
31 1080
31 1081
31 1082
31 1083
31 1084
31 1085
31 1086
31 1087
31 1088
31 1089
31 1090
31 1091
31 1092
31 1093
31 1094
31 1095
31 1096
31 1097
31 1098
31 1099
31 1100
32 1064
32 1065
32 1066
32 1067
32 1068
32 1069
32 1070
32 1071
32 1072
32 1073
32 1079
32 1080
32 1081
32 1082
32 1083
32 1084
32 1085
32 1086
32 1087
32 1088
32 1089
32 1090
32 1091
32 1092
32 1093
32 1094
32 1095
32 1096
32 1097
32 1098
32 1099
32 1100
33 1065
33 1066
33 1067
33 1068
33 1069
33 1070
33 1071
33 1072
33 1073
33 1074
33 1075
33 1076
33 1077
33 1078
33 1079
33 1080
33 1081
33 1082
33 1083
33 1084
33 1085
33 1086
33 1087
33 1088
33 1089
33 1090
33 1091
33 1092
33 1093
33 1094
33 1095
33 1096
33 1097
33 1098
33 1099
33 1100
34 1066
34 1067
34 1068
34 1069
34 1070
34 1071
34 1072
34 1073
34 1074
34 1075
34 1076
34 1077
34 1078
34 1079
34 1080
34 1081
34 1082
34 1083
34 1084
34 1085
34 1086
34 1087
34 1088
34 1089
34 1090
34 1091
34 1092
34 1093
34 1094
34 1095
34 1096
34 1097
34 1098
34 1099
34 1100
35 1068
35 1069
35 1070
35 1071
35 1072
35 1073
35 1074
35 1075
35 1076
35 1077
35 1078
35 1079
35 1080
35 1081
35 1082
35 1083
35 1084
35 1085
35 1086
35 1087
35 1088
35 1089
35 1090
35 1091
35 1092
35 1093
35 1094
35 1095
35 1096
35 1097
35 1098
35 1099
35 1100
36 1070
36 1071
36 1072
36 1073
36 1074
36 1075
36 1076
36 1077
36 1078
36 1079
36 1080
36 1081
36 1082
36 1083
36 1084
36 1085
36 1086
36 1087
36 1088
37 1073
37 1074
37 1075
37 1076
37 1077
37 1078
37 1079
37 1080
37 1081
37 1082
37 1083
37 1084
37 1085
38 1077
38 1078
38 1079
38 1080
38 1081
635 685
635 686
635 687
635 688
635 689
635 690
635 691
635 692
635 693
635 694
635 695
635 696
635 697
635 698
635 699
635 700
635 701
635 702
635 703
635 704
635 705
635 706
635 707
635 708
635 709
635 710
635 711
635 712
635 713
635 714
635 715
635 716
635 717
635 718
636 686
636 687
636 688
636 689
636 690
636 691
636 692
636 693
636 694
636 695
636 696
636 697
636 698
636 699
636 700
636 701
636 702
636 703
636 704
636 705
636 706
636 707
636 708
636 709
636 710
636 711
636 712
636 713
636 714
636 715
636 716
636 717
636 718
636 719
636 720
636 721
636 722
636 723
636 724
636 725
636 726
636 727
636 728
636 729
637 687
637 688
637 689
637 690
637 691
637 692
637 693
637 694
637 695
637 696
637 697
637 698
637 699
637 700
637 701
637 702
637 703
637 704
637 705
637 706
637 707
637 708
637 709
637 710
637 711
637 712
637 713
637 714
637 715
637 716
637 717
637 718
637 719
637 720
637 721
637 722
637 723
637 724
637 725
637 726
637 727
637 728
637 729
637 730
637 731
637 732
637 733
637 734
638 688
638 689
638 690
638 691
638 692
638 693
638 694
638 695
638 696
638 697
638 698
638 699
638 700
638 701
638 702
638 703
638 704
638 705
638 706
638 707
638 708
638 709
638 710
638 711
638 712
638 713
638 714
638 715
638 716
638 717
638 718
638 719
638 720
638 721
638 722
638 723
638 724
638 725
638 726
638 727
638 728
638 729
638 730
638 731
638 732
638 733
638 734
638 735
638 736
639 689
639 690
639 691
639 692
639 693
639 694
639 695
639 696
639 697
639 698
639 699
639 700
639 701
639 702
639 703
639 704
639 705
639 706
639 707
639 708
639 709
639 710
639 711
639 712
639 713
639 714
639 715
639 716
639 717
639 718
639 719
639 720
639 721
639 722
639 723
639 724
639 725
639 726
639 727
639 728
639 729
639 730
639 731
639 732
639 733
639 734
639 735
639 736
639 737
639 738
640 690
640 691
640 692
640 693
640 694
640 695
640 696
640 697
640 698
640 699
640 700
640 701
640 702
640 703
640 704
640 705
640 706
640 707
640 708
640 709
640 710
640 711
640 712
640 713
640 714
640 715
640 716
640 717
640 718
640 719
640 720
640 721
640 722
640 723
640 724
640 725
640 726
640 727
640 728
640 729
640 730
640 731
640 732
640 733
640 734
640 735
640 736
640 737
640 738
640 739
640 740
641 723
641 724
641 725
641 726
641 727
641 728
641 729
641 730
641 731
641 732
641 733
641 734
641 735
641 736
641 737
641 738
641 739
641 740
641 741
642 729
642 730
642 731
642 732
642 733
642 734
642 735
642 736
642 737
642 738
642 739
642 740
642 741
642 742
643 732
643 733
643 734
643 735
643 736
643 737
643 738
643 739
643 740
643 741
643 742
643 743
644 734
644 735
644 736
644 737
644 738
644 739
644 740
644 741
644 742
644 743
644 744
645 736
645 737
645 738
645 739
645 740
645 741
645 742
645 743
645 744
645 745
646 737
646 738
646 739
646 740
646 741
646 742
646 743
646 744
646 745
646 746
647 738
647 739
647 740
647 741
647 742
647 743
647 744
647 745
647 746
648 739
648 740
648 741
648 742
648 743
648 744
648 745
648 746
648 747
649 740
649 741
649 742
649 743
649 744
649 745
649 746
649 747
650 741
650 742
650 743
650 744
650 745
650 746
650 747
650 748
651 741
651 742
651 743
651 744
651 745
651 746
651 747
651 748
652 742
652 743
652 744
652 745
652 746
652 747
652 748
653 743
653 744
653 745
653 746
653 747
653 748
653 749
654 743
654 744
654 745
654 746
654 747
654 748
654 749
655 744
655 745
655 746
655 747
655 748
655 749
656 744
656 745
656 746
656 747
656 748
656 749
656 750
657 744
657 745
657 746
657 747
657 748
657 749
657 750
658 745
658 746
658 747
658 748
658 749
658 750
659 745
659 746
659 747
659 748
659 749
659 750
660 745
660 746
660 747
660 748
660 749
660 750
661 745
661 746
661 747
661 748
661 749
661 750
662 745
662 746
662 747
662 748
662 749
662 750
663 746
663 747
663 748
663 749
663 750
663 751
664 746
664 747
664 748
664 749
664 750
664 751
665 746
665 747
665 748
665 749
665 750
665 751
666 746
666 747
666 748
666 749
666 750
666 751
667 746
667 747
667 748
667 749
667 750
667 751
668 746
668 747
668 748
668 749
668 750
668 751
669 746
669 747
669 748
669 749
669 750
669 751
670 746
670 747
670 748
670 749
670 750
670 751
671 746
671 747
671 748
671 749
671 750
671 751
672 746
672 747
672 748
672 749
672 750
672 751
673 746
673 747
673 748
673 749
673 750
673 751
674 746
674 747
674 748
674 749
674 750
674 751
675 746
675 747
675 748
675 749
675 750
675 751
676 746
676 747
676 748
676 749
676 750
676 751
677 746
677 747
677 748
677 749
677 750
677 751
678 746
678 747
678 748
678 749
678 750
678 751
679 746
679 747
679 748
679 749
679 750
679 751
680 746
680 747
680 748
680 749
680 750
680 751
681 746
681 747
681 748
681 749
681 750
681 751
682 746
682 747
682 748
682 749
682 750
682 751
683 746
683 747
683 748
683 749
683 750
683 751
684 746
684 747
684 748
684 749
684 750
684 751
685 746
685 747
685 748
685 749
685 750
685 751
686 746
686 747
686 748
686 749
686 750
686 751
687 746
687 747
687 748
687 749
687 750
687 751
688 746
688 747
688 748
688 749
688 750
688 751
689 746
689 747
689 748
689 749
689 750
689 751
690 746
690 747
690 748
690 749
690 750
690 751
691 746
691 747
691 748
691 749
691 750
691 751
692 746
692 747
692 748
692 749
692 750
692 751
693 746
693 747
693 748
693 749
693 750
693 751
694 746
694 747
694 748
694 749
694 750
695 746
695 747
695 748
695 749
695 750
696 746
696 747
696 748
696 749
696 750
697 747
697 748
697 749
697 750
698 748
698 749
698 750
699 749
699 750
700 750
701 751
