0 4419
0 4420
0 4421
0 4422
0 4423
0 4424
0 4425
0 4426
0 4459
0 4460
1 4421
1 4422
1 4423
1 4424
1 4425
1 4426
1 4427
1 4428
1 4429
1 4460
1 4461
2 4424
2 4425
2 4426
2 4427
2 4428
2 4429
2 4430
2 4431
2 4461
2 4462
3 4427
3 4428
3 4429
3 4430
3 4431
3 4432
3 4433
3 4434
3 4462
3 4463
4 4430
4 4431
4 4432
4 4433
4 4434
4 4435
4 4436
4 4463
4 4464
5 4433
5 4434
5 4435
5 4436
5 4437
5 4438
5 4464
5 4465
6 4435
6 4436
6 4437
6 4438
6 4439
6 4440
6 4465
6 4466
7 4438
7 4439
7 4440
7 4441
7 4442
7 4466
7 4467
8 4440
8 4441
8 4442
8 4443
8 4444
8 4467
8 4468
9 4442
9 4443
9 4444
9 4445
9 4468
9 4469
10 4444
10 4445
10 4446
10 4447
10 4469
10 4470
11 4446
11 4447
11 4448
11 4449
11 4470
11 4471
12 4447
12 4448
12 4449
12 4450
12 4471
12 4472
13 4449
13 4450
13 4451
13 4471
13 4472
13 4473
14 4450
14 4451
14 4452
14 4453
14 4472
14 4473
15 4452
15 4453
15 4454
15 4473
15 4474
16 4453
16 4454
16 4455
16 4474
16 4475
17 4454
17 4455
17 4456
17 4475
17 4476
18 4456
18 4457
18 4476
18 4477
19 4457
19 4458
19 4477
19 4478
20 4458
20 4459
20 4478
20 4479
21 4459
21 4460
21 4461
21 4478
21 4479
22 4460
22 4461
22 4462
22 4479
22 4480
23 4461
23 4462
23 4463
23 4480
23 4481
24 4462
24 4463
24 4464
24 4481
24 4482
25 4464
25 4465
25 4482
25 4483
26 4465
26 4466
26 4483
26 4484
27 4466
27 4467
27 4484
27 4485
28 4467
28 4468
28 4485
29 4468
29 4469
29 4485
29 4486
30 4469
30 4470
30 4486
30 4487
31 4470
31 4471
31 4487
31 4488
32 4471
32 4472
32 4488
32 4489
33 4472
33 4473
33 4489
33 4490
34 4473
34 4474
34 4490
34 4491
35 4474
35 4475
35 4491
36 4475
36 4476
36 4492
37 4476
37 4477
37 4492
37 4493
38 4477
38 4478
38 4493
38 4494
39 4478
39 4479
39 4494
39 4495
40 4479
40 4480
40 4495
40 4496
41 4480
41 4481
41 4496
41 4497
42 4481
42 4482
42 4497
42 4498
43 4482
43 4483
43 4498
43 4499
44 4483
44 4499
44 4500
45 4484
45 4500
45 4501
46 4485
46 4501
47 4485
47 4486
47 4502
48 4486
48 4487
48 4502
48 4503
49 4487
49 4488
49 4503
49 4504
50 4488
50 4489
50 4504
50 4505
51 4489
51 4490
51 4505
51 4506
52 4490
52 4491
52 4506
52 4507
53 4491
53 4492
53 4507
54 4492
54 4493
54 4508
55 4493
55 4508
55 4509
56 4494
56 4509
56 4510
57 4494
57 4495
57 4510
57 4511
58 4495
58 4496
58 4511
58 4512
59 4496
59 4497
59 4512
60 4497
60 4498
60 4512
60 4513
61 4498
61 4499
61 4513
61 4514
62 4499
62 4514
62 4515
63 4500
63 4515
63 4516
64 4500
64 4501
64 4516
65 4501
65 4502
65 4516
65 4517
66 4502
66 4503
66 4517
66 4518
67 4503
67 4518
67 4519
68 4504
68 4519
69 4504
69 4505
69 4519
69 4520
70 4505
70 4506
70 4520
70 4521
71 4506
71 4521
71 4522
72 4506
72 4507
72 4522
73 4507
73 4508
73 4522
73 4523
74 4508
74 4509
74 4523
74 4524
75 4509
75 4524
76 4509
76 4510
76 4524
76 4525
77 4510
77 4511
77 4525
77 4526
78 4511
78 4526
79 4511
79 4512
79 4526
79 4527
80 4512
80 4527
80 4528
81 4512
81 4513
81 4528
82 4513
82 4514
82 4528
82 4529
83 4513
83 4514
83 4529
84 4514
84 4515
84 4529
84 4530
85 4515
85 4530
86 4515
86 4516
86 4530
86 4531
87 4516
87 4531
87 4532
88 4516
88 4517
88 4531
88 4532
89 4516
89 4517
89 4532
89 4533
90 4517
90 4518
90 4532
90 4533
91 4517
91 4518
91 4533
92 4518
92 4533
92 4534
93 4518
93 4519
93 4534
94 4519
94 4534
94 4535
95 4519
95 4520
95 4534
95 4535
96 4519
96 4520
96 4535
96 4536
97 1560
97 1561
97 1562
97 1563
97 1564
97 1565
97 1566
97 1567
97 4520
97 4535
97 4536
98 1558
98 1559
98 1560
98 1561
98 1562
98 1563
98 1564
98 1565
98 1566
98 1567
98 1568
98 1569
98 4520
98 4521
98 4536
99 1557
99 1558
99 1559
99 1560
99 1561
99 1562
99 1563
99 1564
99 1565
99 1566
99 1567
99 1568
99 1569
99 1570
99 4520
99 4521
99 4536
99 4537
100 1556
100 1557
100 1558
100 1559
100 1560
100 1561
100 1562
100 1563
100 1564
100 1565
100 1566
100 1567
100 1568
100 1569
100 1570
100 1571
100 4521
100 4522
100 4536
100 4537
101 1555
101 1556
101 1557
101 1558
101 1559
101 1560
101 1561
101 1566
101 1567
101 1568
101 1569
101 1570
101 1571
101 1572
101 4521
101 4522
101 4537
101 4538
102 1554
102 1555
102 1556
102 1557
102 1558
102 1559
102 1568
102 1569
102 1570
102 1571
102 1572
102 1573
102 4522
102 4537
102 4538
103 1554
103 1555
103 1556
103 1557
103 1569
103 1570
103 1571
103 1572
103 1573
103 1574
103 4522
103 4523
103 4537
103 4538
104 1553
104 1554
104 1555
104 1556
104 1571
104 1572
104 1573
104 1574
104 4522
104 4523
104 4538
105 1552
105 1553
105 1554
105 1555
105 1556
105 1572
105 1573
105 1574
105 1575
105 4522
105 4523
105 4538
105 4539
106 1552
106 1553
106 1554
106 1555
106 1572
106 1573
106 1574
106 1575
106 1576
106 4523
106 4538
106 4539
107 1551
107 1552
107 1553
107 1554
107 1573
107 1574
107 1575
107 1576
107 4523
107 4524
107 4538
107 4539
108 1551
108 1552
108 1553
108 1554
108 1574
108 1575
108 1576
108 1577
108 4523
108 4524
108 4539
109 1551
109 1552
109 1553
109 1554
109 1575
109 1576
109 1577
109 1578
109 4524
109 4539
109 4540
110 1551
110 1552
110 1553
110 1576
110 1577
110 1578
110 4524
110 4525
110 4539
110 4540
111 1550
111 1551
111 1552
111 1553
111 1576
111 1577
111 1578
111 1579
111 4524
111 4525
111 4539
111 4540
112 1550
112 1551
112 1552
112 1553
112 1577
112 1578
112 1579
112 1580
112 4524
112 4525
112 4539
112 4540
113 1550
113 1551
113 1552
113 1553
113 1578
113 1579
113 1580
113 4525
113 4539
113 4540
114 1550
114 1551
114 1552
114 1553
114 1578
114 1579
114 1580
114 1581
114 4525
114 4526
114 4539
114 4540
115 1551
115 1552
115 1553
115 1579
115 1580
115 1581
115 4525
115 4526
115 4539
115 4540
116 1551
116 1552
116 1553
116 1580
116 1581
116 1582
116 4525
116 4526
116 4539
116 4540
117 1551
117 1552
117 1553
117 1554
117 1580
117 1581
117 1582
117 4525
117 4526
117 4539
117 4540
118 1551
118 1552
118 1553
118 1554
118 1581
118 1582
118 1583
118 4526
118 4527
118 4539
118 4540
119 1552
119 1553
119 1554
119 1582
119 1583
119 1584
119 4526
119 4527
119 4539
119 4540
120 1552
120 1553
120 1554
120 1555
120 1582
120 1583
120 1584
120 4526
120 4527
120 4538
120 4539
120 4540
121 1552
121 1553
121 1554
121 1555
121 1583
121 1584
121 1585
121 4527
121 4528
121 4538
121 4539
121 4540
122 1553
122 1554
122 1555
122 1556
122 1583
122 1584
122 1585
122 4527
122 4528
122 4538
122 4539
123 1553
123 1554
123 1555
123 1556
123 1584
123 1585
123 1586
123 4527
123 4528
123 4529
123 4537
123 4538
123 4539
124 1554
124 1555
124 1556
124 1557
124 1585
124 1586
124 4528
124 4529
124 4530
124 4537
124 4538
124 4539
125 1554
125 1555
125 1556
125 1557
125 1585
125 1586
125 1587
125 4528
125 4529
125 4530
125 4536
125 4537
125 4538
126 1555
126 1556
126 1557
126 1558
126 1586
126 1587
126 1588
126 4528
126 4529
126 4530
126 4531
126 4532
126 4533
126 4534
126 4535
126 4536
126 4537
126 4538
127 1556
127 1557
127 1558
127 1559
127 1586
127 1587
127 1588
127 4529
127 4530
127 4531
127 4532
127 4533
127 4534
127 4535
127 4536
127 4537
128 1557
128 1558
128 1559
128 1560
128 1587
128 1588
128 1589
128 4530
128 4531
128 4532
128 4533
128 4534
128 4535
128 4536
128 4537
129 1557
129 1558
129 1559
129 1560
129 1588
129 1589
129 4531
129 4532
129 4533
129 4534
129 4535
129 4536
130 1558
130 1559
130 1560
130 1561
130 1588
130 1589
130 1590
130 4533
130 4534
131 1559
131 1560
131 1561
131 1562
131 1589
131 1590
131 1591
132 1560
132 1561
132 1562
132 1563
132 1590
132 1591
133 1561
133 1562
133 1563
133 1564
133 1590
133 1591
133 1592
134 1562
134 1563
134 1564
134 1565
134 1591
134 1592
134 1593
135 1563
135 1564
135 1565
135 1566
135 1592
135 1593
136 1564
136 1565
136 1566
136 1567
136 1593
136 1594
137 1565
137 1566
137 1567
137 1568
137 1593
137 1594
137 1595
138 1567
138 1568
138 1569
138 1594
138 1595
139 1568
139 1569
139 1570
139 1571
139 1595
139 1596
140 1569
140 1570
140 1571
140 1572
140 1596
140 1597
141 1570
141 1571
141 1572
141 1573
141 1596
141 1597
141 1598
142 1571
142 1572
142 1573
142 1574
142 1597
142 1598
143 1573
143 1574
143 1575
143 1598
143 1599
144 1574
144 1575
144 1576
144 1577
144 1599
144 1600
145 1575
145 1576
145 1577
145 1578
145 1600
145 1601
146 1577
146 1578
146 1579
146 1601
146 1602
147 1578
147 1579
147 1580
147 1601
147 1602
147 1603
148 1579
148 1580
148 1581
148 1602
148 1603
148 1604
149 1580
149 1581
149 1582
149 1583
149 1603
149 1604
149 1605
150 1582
150 1583
150 1584
150 1604
150 1605
150 1606
151 1583
151 1584
151 1585
151 1605
151 1606
152 1584
152 1585
152 1586
152 1606
152 1607
153 1585
153 1586
153 1587
153 1607
153 1608
154 1586
154 1587
154 1588
154 1608
154 1609
155 1588
155 1589
155 1609
155 1610
156 1589
156 1590
156 1610
156 1611
157 1590
157 1591
157 1611
157 1612
158 1591
158 1592
158 1612
158 1613
159 1592
159 1593
159 1613
159 1614
160 1593
160 1594
160 1614
160 1615
161 1594
161 1595
161 1615
161 1616
162 1595
162 1596
162 1616
162 1617
163 1596
163 1597
163 1617
163 1618
164 1597
164 1598
164 1618
164 1619
165 1598
165 1599
165 1619
165 1620
166 1599
166 1600
166 1620
166 1621
167 1599
167 1600
167 1601
167 1621
167 1622
168 1600
168 1601
168 1602
168 1621
168 1622
168 1623
169 1601
169 1602
169 1603
169 1622
169 1623
169 1624
170 1602
170 1603
170 1604
170 1623
170 1624
171 1603
171 1604
171 1624
171 1625
172 1604
172 1605
172 1625
172 1626
173 1605
173 1606
173 1626
173 1627
174 1606
174 1607
174 1627
174 1628
175 1607
175 1608
175 1628
175 1629
176 1608
176 1609
176 1628
176 1629
176 1630
177 1609
177 1610
177 1629
177 1630
178 1609
178 1610
178 1611
178 1630
178 1631
179 1610
179 1611
179 1612
179 1631
179 1632
180 1611
180 1612
180 1613
180 1632
180 1633
181 1612
181 1613
181 1632
181 1633
181 1634
182 1613
182 1614
182 1633
182 1634
183 1614
183 1615
183 1634
183 1635
184 1614
184 1615
184 1616
184 1635
184 1636
185 1615
185 1616
185 1617
185 1636
185 1637
186 1616
186 1617
186 1636
186 1637
186 1638
187 1617
187 1618
187 1637
187 1638
188 1618
188 1619
188 1638
188 1639
189 1618
189 1619
189 1620
189 1638
189 1639
189 1640
190 1619
190 1620
190 1639
190 1640
191 1619
191 1620
191 1621
191 1640
191 1641
192 1620
192 1621
192 1640
192 1641
192 1642
193 1621
193 1622
193 1641
193 1642
194 1621
194 1622
194 1623
194 1641
194 1642
194 1643
195 1622
195 1623
195 1642
195 1643
196 1622
196 1623
196 1624
196 1643
196 1644
197 1623
197 1624
197 1643
197 1644
198 1624
198 1625
198 1644
198 1645
199 1624
199 1625
199 1644
199 1645
200 1625
200 1626
200 1645
200 1646
201 1625
201 1626
201 1645
201 1646
202 1626
202 1627
202 1645
202 1646
202 1647
203 1626
203 1627
203 1646
203 1647
204 1627
204 1628
204 1646
204 1647
205 1627
205 1628
205 1646
205 1647
206 1627
206 1628
206 1629
206 1646
206 1647
206 1648
207 1628
207 1629
207 1646
207 1647
207 1648
208 1628
208 1629
208 1630
208 1646
208 1647
208 1648
209 1629
209 1630
209 1646
209 1647
209 1648
210 1629
210 1630
210 1646
210 1647
210 1648
211 1629
211 1630
211 1631
211 1646
211 1647
211 1648
212 1630
212 1631
212 1646
212 1647
213 1630
213 1631
213 1632
213 1645
213 1646
213 1647
214 1631
214 1632
214 1633
214 1645
214 1646
214 1647
215 1631
215 1632
215 1633
215 1644
215 1645
215 1646
216 1632
216 1633
216 1634
216 1643
216 1644
216 1645
216 1646
217 1632
217 1633
217 1634
217 1635
217 1642
217 1643
217 1644
217 1645
218 1633
218 1634
218 1635
218 1636
218 1637
218 1638
218 1640
218 1641
218 1642
218 1643
218 1644
219 1634
219 1635
219 1636
219 1637
219 1638
219 1639
219 1640
219 1641
219 1642
219 1643
219 1644
220 1634
220 1635
220 1636
220 1637
220 1638
220 1639
220 1640
220 1641
220 1642
220 1643
221 1636
221 1637
221 1638
221 1639
221 1640
221 1641
370 2428
370 2429
370 2430
370 2431
370 2432
370 2433
370 2434
370 2435
370 3377
370 3378
370 3379
370 3380
370 3381
370 3382
371 2427
371 2428
371 2429
371 2430
371 2431
371 2432
371 2433
371 2434
371 2435
371 2436
371 2437
371 3374
371 3375
371 3376
371 3377
371 3378
371 3379
371 3380
371 3381
371 3382
371 3383
371 3384
371 3385
372 2426
372 2427
372 2428
372 2429
372 2430
372 2431
372 2432
372 2433
372 2434
372 2435
372 2436
372 2437
372 2438
372 3372
372 3373
372 3374
372 3375
372 3376
372 3377
372 3378
372 3379
372 3380
372 3381
372 3382
372 3383
372 3384
372 3385
372 3386
372 3387
373 2425
373 2426
373 2427
373 2428
373 2429
373 2430
373 2434
373 2435
373 2436
373 2437
373 2438
373 2439
373 2440
373 3371
373 3372
373 3373
373 3374
373 3375
373 3376
373 3377
373 3378
373 3379
373 3380
373 3381
373 3382
373 3383
373 3384
373 3385
373 3386
373 3387
373 3388
374 2424
374 2425
374 2426
374 2427
374 2428
374 2437
374 2438
374 2439
374 2440
374 2441
374 3370
374 3371
374 3372
374 3373
374 3374
374 3375
374 3376
374 3385
374 3386
374 3387
374 3388
374 3389
374 3390
375 2424
375 2425
375 2426
375 2427
375 2439
375 2440
375 2441
375 2442
375 3370
375 3371
375 3372
375 3373
375 3374
375 3375
375 3387
375 3388
375 3389
375 3390
375 3391
376 2423
376 2424
376 2425
376 2426
376 2441
376 2442
376 2443
376 3369
376 3370
376 3371
376 3372
376 3373
376 3389
376 3390
376 3391
376 3392
376 3393
377 2423
377 2424
377 2425
377 2426
377 2442
377 2443
377 2444
377 3369
377 3370
377 3371
377 3372
377 3373
377 3391
377 3392
377 3393
377 3394
378 2423
378 2424
378 2425
378 2426
378 2443
378 2444
378 2445
378 2446
378 3368
378 3369
378 3370
378 3371
378 3372
378 3392
378 3393
378 3394
378 3395
378 3396
379 2423
379 2424
379 2425
379 2444
379 2445
379 2446
379 2447
379 3368
379 3369
379 3370
379 3371
379 3372
379 3394
379 3395
379 3396
379 3397
380 2423
380 2424
380 2425
380 2446
380 2447
380 2448
380 3368
380 3369
380 3370
380 3371
380 3372
380 3395
380 3396
380 3397
380 3398
381 2423
381 2424
381 2425
381 2447
381 2448
381 2449
381 3368
381 3369
381 3370
381 3371
381 3372
381 3397
381 3398
381 3399
381 3400
382 2423
382 2424
382 2425
382 2426
382 2448
382 2449
382 2450
382 3368
382 3369
382 3370
382 3371
382 3372
382 3398
382 3399
382 3400
382 3401
383 2423
383 2424
383 2425
383 2426
383 2449
383 2450
383 3368
383 3369
383 3370
383 3371
383 3372
383 3399
383 3400
383 3401
383 3402
384 2423
384 2424
384 2425
384 2426
384 2450
384 2451
384 3369
384 3370
384 3371
384 3372
384 3401
384 3402
384 3403
385 2424
385 2425
385 2426
385 2451
385 2452
385 3369
385 3370
385 3371
385 3372
385 3373
385 3402
385 3403
385 3404
385 3405
386 2424
386 2425
386 2426
386 2427
386 2452
386 2453
386 3370
386 3371
386 3372
386 3373
386 3403
386 3404
386 3405
386 3406
387 2425
387 2426
387 2427
387 2452
387 2453
387 2454
387 3370
387 3371
387 3372
387 3373
387 3374
387 3404
387 3405
387 3406
387 3407
388 2425
388 2426
388 2427
388 2428
388 2453
388 2454
388 2455
388 3371
388 3372
388 3373
388 3374
388 3375
388 3406
388 3407
388 3408
389 2426
389 2427
389 2428
389 2429
389 2454
389 2455
389 2456
389 3372
389 3373
389 3374
389 3375
389 3407
389 3408
389 3409
389 3410
390 2427
390 2428
390 2429
390 2430
390 2455
390 2456
390 2457
390 3373
390 3374
390 3375
390 3376
390 3408
390 3409
390 3410
390 3411
391 2428
391 2429
391 2430
391 2431
391 2456
391 2457
391 2458
391 3374
391 3375
391 3376
391 3377
391 3378
391 3409
391 3410
391 3411
391 3412
392 2429
392 2430
392 2431
392 2432
392 2457
392 2458
392 2459
392 3375
392 3376
392 3377
392 3378
392 3379
392 3411
392 3412
392 3413
393 2430
393 2431
393 2432
393 2433
393 2458
393 2459
393 2460
393 3376
393 3377
393 3378
393 3379
393 3380
393 3412
393 3413
393 3414
393 3415
394 2431
394 2432
394 2433
394 2434
394 2459
394 2460
394 3378
394 3379
394 3380
394 3381
394 3382
394 3413
394 3414
394 3415
394 3416
395 2432
395 2433
395 2434
395 2435
395 2460
395 2461
395 3379
395 3380
395 3381
395 3382
395 3383
395 3414
395 3415
395 3416
395 3417
396 2433
396 2434
396 2435
396 2436
396 2461
396 2462
396 3381
396 3382
396 3383
396 3384
396 3416
396 3417
396 3418
397 2435
397 2436
397 2437
397 2461
397 2462
397 2463
397 3382
397 3383
397 3384
397 3385
397 3386
397 3417
397 3418
397 3419
397 3420
398 2436
398 2437
398 2438
398 2462
398 2463
398 2464
398 3383
398 3384
398 3385
398 3386
398 3387
398 3418
398 3419
398 3420
398 3421
399 2437
399 2438
399 2439
399 2440
399 2463
399 2464
399 2465
399 3385
399 3386
399 3387
399 3388
399 3419
399 3420
399 3421
399 3422
399 3423
400 2438
400 2439
400 2440
400 2441
400 2464
400 2465
400 3386
400 3387
400 3388
400 3389
400 3421
400 3422
400 3423
400 3424
401 2439
401 2440
401 2441
401 2442
401 2465
401 2466
401 3387
401 3388
401 3389
401 3390
401 3422
401 3423
401 3424
401 3425
402 2440
402 2441
402 2442
402 2443
402 2465
402 2466
402 2467
402 3389
402 3390
402 3391
402 3392
402 3423
402 3424
402 3425
402 3426
402 3427
403 2441
403 2442
403 2443
403 2466
403 2467
403 3390
403 3391
403 3392
403 3393
403 3424
403 3425
403 3426
403 3427
403 3428
404 2442
404 2443
404 2444
404 2467
404 2468
404 3391
404 3392
404 3393
404 3394
404 3426
404 3427
404 3428
404 3429
405 2443
405 2444
405 2445
405 2467
405 2468
405 2469
405 3392
405 3393
405 3394
405 3395
405 3427
405 3428
405 3429
405 3430
405 3431
406 2444
406 2445
406 2446
406 2468
406 2469
406 3393
406 3394
406 3395
406 3396
406 3428
406 3429
406 3430
406 3431
406 3432
407 2445
407 2446
407 2447
407 2468
407 2469
407 2470
407 3394
407 3395
407 3396
407 3397
407 3429
407 3430
407 3431
407 3432
407 3433
408 2445
408 2446
408 2447
408 2469
408 2470
408 3395
408 3396
408 3397
408 3398
408 3430
408 3431
408 3432
408 3433
408 3434
409 2446
409 2447
409 2448
409 2470
409 2471
409 3396
409 3397
409 3398
409 3399
409 3431
409 3432
409 3433
409 3434
409 3435
410 2447
410 2448
410 2449
410 2470
410 2471
410 3397
410 3398
410 3399
410 3400
410 3432
410 3433
410 3434
410 3435
410 3436
411 2448
411 2449
411 2450
411 2471
411 2472
411 3398
411 3399
411 3400
411 3401
411 3433
411 3434
411 3435
411 3436
411 3437
412 2448
412 2449
412 2450
412 2471
412 2472
412 2473
412 3399
412 3400
412 3401
412 3402
412 3434
412 3435
412 3436
412 3437
412 3438
413 2449
413 2450
413 2451
413 2472
413 2473
413 3400
413 3401
413 3402
413 3403
413 3435
413 3436
413 3437
413 3438
413 3439
414 2450
414 2451
414 2472
414 2473
414 2474
414 3401
414 3402
414 3403
414 3436
414 3437
414 3438
414 3439
414 3440
415 2450
415 2451
415 2452
415 2473
415 2474
415 3402
415 3403
415 3404
415 3437
415 3438
415 3439
415 3440
415 3441
416 2451
416 2452
416 2453
416 2473
416 2474
416 3402
416 3403
416 3404
416 3405
416 3438
416 3439
416 3440
416 3441
416 3442
417 2452
417 2453
417 2474
417 2475
417 3403
417 3404
417 3405
417 3406
417 3439
417 3440
417 3441
417 3442
418 2452
418 2453
418 2454
418 2474
418 2475
418 3404
418 3405
418 3406
418 3407
418 3440
418 3441
418 3442
418 3443
419 2453
419 2454
419 2474
419 2475
419 2476
419 3405
419 3406
419 3407
419 3441
419 3442
419 3443
419 3444
420 2453
420 2454
420 2455
420 2475
420 2476
420 3405
420 3406
420 3407
420 3408
420 3442
420 3443
420 3444
420 3445
421 2454
421 2455
421 2475
421 2476
421 3406
421 3407
421 3408
421 3409
421 3443
421 3444
421 3445
422 2454
422 2455
422 2456
422 2475
422 2476
422 3407
422 3408
422 3409
422 3443
422 3444
422 3445
422 3446
423 2455
423 2456
423 2457
423 2475
423 2476
423 2477
423 3407
423 3408
423 3409
423 3410
423 3444
423 3445
423 3446
423 3447
424 2455
424 2456
424 2457
424 2475
424 2476
424 2477
424 3408
424 3409
424 3410
424 3411
424 3445
424 3446
424 3447
425 2456
425 2457
425 2458
425 2475
425 2476
425 2477
425 3409
425 3410
425 3411
425 3445
425 3446
425 3447
425 3448
426 2456
426 2457
426 2458
426 2476
426 2477
426 3409
426 3410
426 3411
426 3412
426 3446
426 3447
426 3448
427 2457
427 2458
427 2459
427 2476
427 2477
427 3410
427 3411
427 3412
427 3413
427 3447
427 3448
427 3449
428 2457
428 2458
428 2459
428 2475
428 2476
428 2477
428 3410
428 3411
428 3412
428 3413
428 3414
428 3447
428 3448
428 3449
428 3450
429 2458
429 2459
429 2460
429 2475
429 2476
429 2477
429 3411
429 3412
429 3413
429 3414
429 3448
429 3449
429 3450
430 2458
430 2459
430 2460
430 2475
430 2476
430 2477
430 3412
430 3413
430 3414
430 3415
430 3449
430 3450
430 3451
431 2459
431 2460
431 2461
431 2475
431 2476
431 2477
431 3412
431 3413
431 3414
431 3415
431 3416
431 3449
431 3450
431 3451
432 2459
432 2460
432 2461
432 2462
432 2474
432 2475
432 2476
432 3413
432 3414
432 3415
432 3416
432 3417
432 3450
432 3451
432 3452
433 2460
433 2461
433 2462
433 2463
433 2474
433 2475
433 2476
433 3414
433 3415
433 3416
433 3417
433 3451
433 3452
434 2460
434 2461
434 2462
434 2463
434 2464
434 2473
434 2474
434 2475
434 2476
434 3415
434 3416
434 3417
434 3418
434 3451
434 3452
434 3453
435 2461
435 2462
435 2463
435 2464
435 2465
435 2466
435 2472
435 2473
435 2474
435 2475
435 3416
435 3417
435 3418
435 3419
435 3420
435 3452
435 3453
435 3454
436 2462
436 2463
436 2464
436 2465
436 2466
436 2467
436 2468
436 2469
436 2470
436 2471
436 2472
436 2473
436 2474
436 2475
436 3417
436 3418
436 3419
436 3420
436 3421
436 3453
436 3454
437 2463
437 2464
437 2465
437 2466
437 2467
437 2468
437 2469
437 2470
437 2471
437 2472
437 2473
437 2474
437 3418
437 3419
437 3420
437 3421
437 3422
437 3453
437 3454
437 3455
438 2464
438 2465
438 2466
438 2467
438 2468
438 2469
438 2470
438 2471
438 2472
438 2473
438 3419
438 3420
438 3421
438 3422
438 3423
438 3454
438 3455
438 3456
439 2467
439 2468
439 2469
439 2470
439 2471
439 3420
439 3421
439 3422
439 3423
439 3424
439 3455
439 3456
440 3421
440 3422
440 3423
440 3424
440 3425
440 3426
440 3455
440 3456
440 3457
441 3423
441 3424
441 3425
441 3426
441 3427
441 3456
441 3457
441 3458
442 3424
442 3425
442 3426
442 3427
442 3428
442 3457
442 3458
443 3426
443 3427
443 3428
443 3429
443 3430
443 3458
443 3459
444 3427
444 3428
444 3429
444 3430
444 3431
444 3458
444 3459
444 3460
445 3429
445 3430
445 3431
445 3432
445 3433
445 3459
445 3460
446 3430
446 3431
446 3432
446 3433
446 3434
446 3460
446 3461
447 3432
447 3433
447 3434
447 3435
447 3460
447 3461
447 3462
448 3433
448 3434
448 3435
448 3436
448 3437
448 3461
448 3462
449 3435
449 3436
449 3437
449 3438
449 3462
449 3463
450 3436
450 3437
450 3438
450 3439
450 3463
450 3464
451 3438
451 3439
451 3440
451 3441
451 3464
451 3465
452 3439
452 3440
452 3441
452 3442
452 3464
452 3465
453 3441
453 3442
453 3443
453 3444
453 3465
453 3466
454 3442
454 3443
454 3444
454 3445
454 3466
454 3467
455 3444
455 3445
455 3446
455 3467
455 3468
456 3445
456 3446
456 3447
456 3468
456 3469
457 3447
457 3448
457 3449
457 3468
457 3469
458 3448
458 3449
458 3450
458 3469
458 3470
459 3449
459 3450
459 3451
459 3470
459 3471
460 3451
460 3452
460 3471
460 3472
461 3452
461 3453
461 3472
461 3473
462 3453
462 3454
462 3455
462 3473
463 3454
463 3455
463 3456
463 3473
463 3474
464 3455
464 3456
464 3457
464 3474
464 3475
465 3456
465 3457
465 3458
465 3475
465 3476
466 3457
466 3458
466 3459
466 3476
466 3477
467 3458
467 3459
467 3460
467 3477
468 3459
468 3460
468 3461
468 3477
468 3478
469 3460
469 3461
469 3462
469 3478
469 3479
470 3461
470 3462
470 3463
470 3479
470 3480
471 3462
471 3463
471 3464
471 3480
471 3481
472 3463
472 3464
472 3481
473 3464
473 3465
473 3481
473 3482
474 3465
474 3466
474 3482
474 3483
475 3466
475 3467
475 3483
475 3484
476 3467
476 3468
476 3484
476 3485
477 3468
477 3469
477 3485
477 3486
478 3469
478 3470
478 3485
478 3486
479 3470
479 3471
479 3486
479 3487
480 3470
480 3471
480 3487
480 3488
481 3471
481 3472
481 3488
481 3489
482 3472
482 3473
482 3489
482 3490
483 3473
483 3474
483 3490
484 3474
484 3490
484 3491
485 3474
485 3475
485 3491
485 3492
486 3475
486 3476
486 3492
486 3493
487 3476
487 3477
487 3493
487 3494
488 3477
488 3478
488 3494
488 3495
489 3477
489 3478
489 3494
489 3495
490 3478
490 3479
490 3495
490 3496
491 3479
491 3480
491 3496
491 3497
492 3480
492 3481
492 3497
492 3498
493 3480
493 3481
493 3498
493 3499
494 3481
494 3482
494 3499
494 3500
495 3482
495 3483
495 3499
495 3500
495 3501
496 3483
496 3484
496 3500
496 3501
496 3502
497 3483
497 3484
497 3501
497 3502
497 3503
498 3484
498 3485
498 3502
498 3503
498 3504
499 3485
499 3486
499 3503
499 3504
499 3505
500 3486
500 3504
500 3505
500 3506
501 3486
501 3487
501 3505
501 3506
501 3507
502 3487
502 3488
502 3506
502 3507
502 3508
503 3488
503 3489
503 3507
503 3508
503 3509
504 3488
504 3489
504 3508
504 3509
504 3510
505 3489
505 3490
505 3509
505 3510
505 3511
506 3490
506 3491
506 3510
506 3511
506 3512
506 3513
507 3490
507 3491
507 3511
507 3512
507 3513
507 3514
508 3491
508 3492
508 3512
508 3513
508 3514
508 3515
509 3492
509 3493
509 3514
509 3515
509 3516
509 3517
510 3492
510 3493
510 3515
510 3516
510 3517
510 3518
510 3519
511 3493
511 3494
511 3516
511 3517
511 3518
511 3519
511 3520
511 3521
512 562
512 563
512 3493
512 3494
512 3518
512 3519
512 3520
512 3521
512 3522
512 3523
513 563
513 564
513 565
513 566
513 567
513 3494
513 3495
513 3519
513 3520
513 3521
513 3522
513 3523
513 3524
513 3525
513 3526
514 564
514 565
514 566
514 567
514 568
514 569
514 3494
514 3495
514 3496
514 3521
514 3522
514 3523
514 3524
514 3525
514 3526
514 3527
514 3528
515 565
515 566
515 567
515 568
515 569
515 570
515 571
515 3495
515 3496
515 3523
515 3524
515 3525
515 3526
515 3527
515 3528
515 3529
515 3530
515 3531
516 566
516 567
516 568
516 569
516 570
516 571
516 572
516 573
516 3496
516 3497
516 3525
516 3526
516 3527
516 3528
516 3529
516 3530
516 3531
516 3532
516 3533
517 568
517 569
517 570
517 571
517 572
517 573
517 574
517 575
517 3496
517 3497
517 3528
517 3529
517 3530
517 3531
517 3532
517 3533
517 3534
517 3535
518 571
518 572
518 573
518 574
518 575
518 576
518 577
518 3497
518 3498
518 3530
518 3531
518 3532
518 3533
518 3534
518 3535
518 3536
518 3537
519 572
519 573
519 574
519 575
519 576
519 577
519 578
519 3497
519 3498
519 3532
519 3533
519 3534
519 3535
519 3536
519 3537
519 3538
519 3539
520 574
520 575
520 576
520 577
520 578
520 579
520 580
520 3498
520 3499
520 3534
520 3535
520 3536
520 3537
520 3538
520 3539
520 3540
521 576
521 577
521 578
521 579
521 580
521 581
521 3498
521 3499
521 3536
521 3537
521 3538
521 3539
521 3540
521 3541
522 577
522 578
522 579
522 580
522 581
522 582
522 583
522 3499
522 3500
522 3537
522 3538
522 3539
522 3540
522 3541
522 3542
522 3543
523 579
523 580
523 581
523 582
523 583
523 584
523 3499
523 3500
523 3539
523 3540
523 3541
523 3542
523 3543
523 3544
524 580
524 581
524 582
524 583
524 584
524 585
524 3499
524 3500
524 3501
524 3540
524 3541
524 3542
524 3543
524 3544
524 3545
525 581
525 582
525 583
525 584
525 585
525 586
525 3500
525 3501
525 3541
525 3542
525 3543
525 3544
525 3545
525 3546
526 582
526 583
526 584
526 585
526 586
526 587
526 3500
526 3501
526 3502
526 3542
526 3543
526 3544
526 3545
526 3546
526 3547
527 583
527 584
527 585
527 586
527 587
527 588
527 3501
527 3502
527 3543
527 3544
527 3545
527 3546
527 3547
527 3548
528 584
528 585
528 586
528 587
528 588
528 589
528 3501
528 3502
528 3544
528 3545
528 3546
528 3547
528 3548
529 585
529 586
529 587
529 588
529 589
529 590
529 3501
529 3502
529 3503
529 3545
529 3546
529 3547
529 3548
529 3549
530 586
530 587
530 588
530 589
530 590
530 591
530 3502
530 3503
530 3546
530 3547
530 3548
530 3549
530 3550
531 587
531 588
531 589
531 590
531 591
531 3502
531 3503
531 3546
531 3547
531 3548
531 3549
531 3550
532 587
532 588
532 589
532 590
532 591
532 592
532 3502
532 3503
532 3504
532 3547
532 3548
532 3549
532 3550
532 3551
533 588
533 589
533 590
533 591
533 592
533 3502
533 3503
533 3504
533 3547
533 3548
533 3549
533 3550
533 3551
534 588
534 589
534 590
534 591
534 592
534 593
534 3503
534 3504
534 3548
534 3549
534 3550
534 3551
534 3552
535 589
535 590
535 591
535 592
535 593
535 3503
535 3504
535 3548
535 3549
535 3550
535 3551
535 3552
536 589
536 590
536 591
536 592
536 593
536 3503
536 3504
536 3548
536 3549
536 3550
536 3551
536 3552
537 589
537 590
537 591
537 592
537 593
537 3503
537 3504
537 3505
537 3548
537 3549
537 3550
537 3551
537 3552
538 589
538 590
538 591
538 592
538 593
538 594
538 3503
538 3504
538 3505
538 3549
538 3550
538 3551
538 3552
539 589
539 590
539 591
539 592
539 593
539 594
539 3503
539 3504
539 3505
539 3549
539 3550
539 3551
539 3552
539 3553
540 590
540 591
540 592
540 593
540 594
540 3503
540 3504
540 3505
540 3549
540 3550
540 3551
540 3552
540 3553
541 591
541 592
541 593
541 594
541 3503
541 3504
541 3505
541 3549
541 3550
541 3551
541 3552
541 3553
542 592
542 593
542 594
542 3503
542 3504
542 3505
542 3549
542 3550
542 3551
542 3552
542 3553
543 593
543 594
543 3503
543 3504
543 3505
543 3549
543 3550
543 3551
543 3552
543 3553
544 594
544 3503
544 3504
544 3505
544 3549
544 3550
544 3551
544 3552
544 3553
545 3503
545 3504
545 3505
545 3549
545 3550
545 3551
545 3552
545 3553
546 3503
546 3504
546 3505
546 3549
546 3550
546 3551
546 3552
546 3553
547 3503
547 3504
547 3505
547 3549
547 3550
547 3551
547 3552
547 3553
548 3503
548 3504
548 3505
548 3549
548 3550
548 3551
548 3552
548 3553
549 3503
549 3504
549 3505
549 3549
549 3550
549 3551
549 3552
549 3553
550 3503
550 3504
550 3505
550 3549
550 3550
550 3551
550 3552
550 3553
551 3503
551 3504
551 3505
551 3549
551 3550
551 3551
551 3552
551 3553
552 3503
552 3504
552 3505
552 3549
552 3550
552 3551
552 3552
552 3553
553 3503
553 3504
553 3505
553 3549
553 3550
553 3551
553 3552
553 3553
554 3503
554 3504
554 3505
554 3549
554 3550
554 3551
554 3552
554 3553
555 3503
555 3504
555 3505
555 3549
555 3550
555 3551
555 3552
555 3553
556 3504
556 3505
556 3549
556 3550
556 3551
556 3552
556 3553
557 3504
557 3505
557 3549
557 3550
557 3551
557 3552
557 3553
558 3504
558 3505
558 3549
558 3550
558 3551
558 3552
558 3553
559 3504
559 3505
559 3550
559 3551
559 3552
559 3553
560 3504
560 3505
560 3550
560 3551
560 3552
560 3553
561 3504
561 3505
561 3550
561 3551
561 3552
561 3553
562 3504
562 3505
562 3506
562 3550
562 3551
562 3552
562 3553
562 3554
563 3504
563 3505
563 3506
563 3550
563 3551
563 3552
563 3553
563 3554
564 3504
564 3505
564 3506
564 3551
564 3552
564 3553
564 3554
565 3504
565 3505
565 3506
565 3551
565 3552
565 3553
565 3554
566 1414
566 1415
566 3505
566 3506
566 3551
566 3552
566 3553
566 3554
567 1412
567 1413
567 1414
567 1415
567 1416
567 1417
567 3505
567 3506
567 3507
567 3552
567 3553
567 3554
567 3555
568 1411
568 1412
568 1413
568 1414
568 1415
568 1416
568 1417
568 1418
568 3505
568 3506
568 3507
568 3552
568 3553
568 3554
568 3555
569 1410
569 1411
569 1412
569 1413
569 1414
569 1415
569 1416
569 1417
569 1418
569 3505
569 3506
569 3507
569 3552
569 3553
569 3554
569 3555
570 1409
570 1410
570 1411
570 1412
570 1413
570 1414
570 1415
570 1416
570 1417
570 1418
570 1419
570 3506
570 3507
570 3508
570 3553
570 3554
570 3555
570 3556
571 1408
571 1409
571 1410
571 1411
571 1412
571 1413
571 1414
571 1415
571 1416
571 1417
571 1418
571 1419
571 1420
571 3506
571 3507
571 3508
571 3553
571 3554
571 3555
571 3556
572 1407
572 1408
572 1409
572 1410
572 1411
572 1412
572 1413
572 1414
572 1415
572 1416
572 1417
572 1418
572 1419
572 1420
572 3506
572 3507
572 3508
572 3554
572 3555
572 3556
573 1406
573 1407
573 1408
573 1409
573 1410
573 1411
573 1412
573 1413
573 1414
573 1415
573 1416
573 1417
573 1418
573 1419
573 1420
573 3507
573 3508
573 3509
573 3554
573 3555
573 3556
573 3557
574 1405
574 1406
574 1407
574 1408
574 1409
574 1410
574 1411
574 1412
574 1413
574 1414
574 1415
574 1416
574 1417
574 1418
574 1419
574 1420
574 1421
574 3507
574 3508
574 3509
574 3555
574 3556
574 3557
575 1403
575 1404
575 1405
575 1406
575 1407
575 1408
575 1409
575 1410
575 1411
575 1412
575 1413
575 1414
575 1415
575 1416
575 1417
575 1418
575 1419
575 1420
575 1421
575 3508
575 3509
575 3510
575 3555
575 3556
575 3557
575 3558
576 1402
576 1403
576 1404
576 1405
576 1406
576 1407
576 1408
576 1409
576 1410
576 1411
576 1412
576 1413
576 1414
576 1415
576 1416
576 1417
576 1418
576 1419
576 1420
576 1421
576 3508
576 3509
576 3510
576 3556
576 3557
576 3558
577 1401
577 1402
577 1403
577 1404
577 1405
577 1406
577 1407
577 1408
577 1409
577 1410
577 1415
577 1416
577 1417
577 1418
577 1419
577 1420
577 1421
577 3508
577 3509
577 3510
577 3511
577 3556
577 3557
577 3558
578 1400
578 1401
578 1402
578 1403
578 1404
578 1405
578 1406
578 1407
578 1408
578 1416
578 1417
578 1418
578 1419
578 1420
578 1421
578 3509
578 3510
578 3511
578 3556
578 3557
578 3558
578 3559
579 1398
579 1399
579 1400
579 1401
579 1402
579 1403
579 1404
579 1405
579 1406
579 1407
579 1417
579 1418
579 1419
579 1420
579 1421
579 3509
579 3510
579 3511
579 3512
579 3557
579 3558
579 3559
580 1396
580 1397
580 1398
580 1399
580 1400
580 1401
580 1402
580 1403
580 1404
580 1405
580 1406
580 1417
580 1418
580 1419
580 1420
580 1421
580 3510
580 3511
580 3512
580 3557
580 3558
580 3559
580 3560
581 1395
581 1396
581 1397
581 1398
581 1399
581 1400
581 1401
581 1402
581 1403
581 1404
581 1405
581 1417
581 1418
581 1419
581 1420
581 1421
581 3510
581 3511
581 3512
581 3513
581 3558
581 3559
581 3560
582 1393
582 1394
582 1395
582 1396
582 1397
582 1398
582 1399
582 1400
582 1401
582 1402
582 1403
582 1404
582 1417
582 1418
582 1419
582 1420
582 1421
582 3511
582 3512
582 3513
582 3514
582 3558
582 3559
582 3560
583 1391
583 1392
583 1393
583 1394
583 1395
583 1396
583 1397
583 1398
583 1399
583 1400
583 1401
583 1402
583 1403
583 1417
583 1418
583 1419
583 1420
583 1421
583 3511
583 3512
583 3513
583 3514
583 3559
583 3560
583 3561
584 1390
584 1391
584 1392
584 1393
584 1394
584 1395
584 1396
584 1397
584 1398
584 1399
584 1400
584 1401
584 1402
584 1417
584 1418
584 1419
584 1420
584 3512
584 3513
584 3514
584 3515
584 3559
584 3560
584 3561
585 1389
585 1390
585 1391
585 1392
585 1393
585 1394
585 1395
585 1396
585 1397
585 1398
585 1399
585 1400
585 1401
585 1416
585 1417
585 1418
585 1419
585 1420
585 3512
585 3513
585 3514
585 3515
585 3516
585 3560
585 3561
585 3562
586 1387
586 1388
586 1389
586 1390
586 1391
586 1392
586 1393
586 1394
586 1395
586 1396
586 1397
586 1398
586 1399
586 1400
586 1416
586 1417
586 1418
586 1419
586 1420
586 3513
586 3514
586 3515
586 3516
586 3517
586 3560
586 3561
586 3562
587 1386
587 1387
587 1388
587 1389
587 1390
587 1391
587 1392
587 1393
587 1394
587 1395
587 1396
587 1397
587 1398
587 1399
587 1400
587 1415
587 1416
587 1417
587 1418
587 1419
587 3514
587 3515
587 3516
587 3517
587 3518
587 3561
587 3562
587 3563
588 1386
588 1387
588 1388
588 1389
588 1390
588 1391
588 1392
588 1393
588 1394
588 1395
588 1396
588 1397
588 1398
588 1399
588 1400
588 1415
588 1416
588 1417
588 1418
588 1419
588 3514
588 3515
588 3516
588 3517
588 3518
588 3519
588 3562
588 3563
589 1385
589 1386
589 1387
589 1388
589 1389
589 1390
589 1391
589 1392
589 1393
589 1394
589 1395
589 1396
589 1397
589 1398
589 1399
589 1400
589 1414
589 1415
589 1416
589 1417
589 1418
589 3515
589 3516
589 3517
589 3518
589 3519
589 3520
589 3562
589 3563
589 3564
590 1385
590 1386
590 1387
590 1388
590 1389
590 1390
590 1391
590 1392
590 1393
590 1394
590 1395
590 1396
590 1397
590 1398
590 1399
590 1400
590 1412
590 1413
590 1414
590 1415
590 1416
590 1417
590 3516
590 3517
590 3518
590 3519
590 3520
590 3521
590 3522
590 3563
590 3564
591 1385
591 1386
591 1387
591 1388
591 1389
591 1390
591 1391
591 1392
591 1393
591 1394
591 1395
591 1396
591 1397
591 1398
591 1399
591 1400
591 1401
591 1402
591 1411
591 1412
591 1413
591 1414
591 1415
591 1416
591 3517
591 3518
591 3519
591 3520
591 3521
591 3522
591 3523
591 3563
591 3564
591 3565
592 1386
592 1387
592 1388
592 1389
592 1390
592 1391
592 1392
592 1393
592 1394
592 1395
592 1396
592 1397
592 1398
592 1399
592 1400
592 1401
592 1402
592 1403
592 1404
592 1405
592 1407
592 1408
592 1409
592 1410
592 1411
592 1412
592 1413
592 1414
592 1415
592 3518
592 3519
592 3520
592 3521
592 3522
592 3523
592 3524
592 3525
592 3564
592 3565
593 1387
593 1388
593 1389
593 1390
593 1391
593 1392
593 1393
593 1394
593 1395
593 1396
593 1397
593 1398
593 1399
593 1400
593 1401
593 1402
593 1403
593 1404
593 1405
593 1406
593 1407
593 1408
593 1409
593 1410
593 1411
593 1412
593 1413
593 1414
593 3519
593 3520
593 3521
593 3522
593 3523
593 3524
593 3525
593 3526
593 3527
593 3564
593 3565
593 3566
594 1388
594 1389
594 1390
594 1391
594 1392
594 1393
594 1394
594 1395
594 1396
594 1397
594 1398
594 1399
594 1400
594 1401
594 1402
594 1403
594 1404
594 1405
594 1406
594 1407
594 1408
594 1409
594 1410
594 1411
594 1412
594 1413
594 3520
594 3521
594 3522
594 3523
594 3524
594 3525
594 3526
594 3527
594 3528
594 3529
594 3530
594 3565
594 3566
595 1390
595 1391
595 1392
595 1393
595 1394
595 1395
595 1396
595 1397
595 1398
595 1399
595 1400
595 1401
595 1402
595 1403
595 1404
595 1405
595 1406
595 1407
595 1408
595 1409
595 1410
595 1411
595 1412
595 3522
595 3523
595 3524
595 3525
595 3526
595 3527
595 3528
595 3529
595 3530
595 3531
595 3532
595 3566
595 3567
596 1394
596 1395
596 1396
596 1397
596 1398
596 1399
596 1400
596 1401
596 1402
596 1403
596 1404
596 1405
596 1406
596 1407
596 1408
596 1409
596 3525
596 3526
596 3527
596 3528
596 3529
596 3530
596 3531
596 3532
596 3533
596 3534
596 3535
596 3566
596 3567
596 3568
597 1400
597 1401
597 1402
597 1403
597 1404
597 1405
597 1406
597 3527
597 3528
597 3529
597 3530
597 3531
597 3532
597 3533
597 3534
597 3535
597 3536
597 3537
597 3567
597 3568
598 3530
598 3531
598 3532
598 3533
598 3534
598 3535
598 3536
598 3537
598 3538
598 3539
598 3568
598 3569
599 3534
599 3535
599 3536
599 3537
599 3538
599 3539
599 3540
599 3541
599 3568
599 3569
599 3570
600 3537
600 3538
600 3539
600 3540
600 3541
600 3542
600 3543
600 3569
600 3570
601 3539
601 3540
601 3541
601 3542
601 3543
601 3544
601 3570
601 3571
602 3541
602 3542
602 3543
602 3544
602 3545
602 3546
602 3571
602 3572
603 3543
603 3544
603 3545
603 3546
603 3547
603 3548
603 3571
603 3572
604 3545
604 3546
604 3547
604 3548
604 3549
604 3572
604 3573
605 3547
605 3548
605 3549
605 3550
605 3551
605 3573
605 3574
606 3549
606 3550
606 3551
606 3552
606 3573
606 3574
607 3551
607 3552
607 3553
607 3574
607 3575
608 3552
608 3553
608 3554
608 3555
608 3575
608 3576
609 3554
609 3555
609 3556
609 3576
609 3577
610 3555
610 3556
610 3557
610 3576
610 3577
611 3556
611 3557
611 3558
611 3577
611 3578
612 3558
612 3559
612 3560
612 3578
612 3579
613 3559
613 3560
613 3561
613 3579
614 3560
614 3561
614 3562
614 3579
614 3580
615 3561
615 3562
615 3563
615 3580
615 3581
616 3562
616 3563
616 3564
616 3581
616 3582
617 3564
617 3565
617 3582
618 3565
618 3566
618 3582
618 3583
619 3566
619 3567
619 3583
619 3584
620 3567
620 3568
620 3584
620 3585
621 3568
621 3569
621 3585
621 3586
622 3569
622 3570
622 3586
623 3570
623 3571
623 3586
623 3587
624 3571
624 3572
624 3587
624 3588
625 3572
625 3573
625 3588
625 3589
626 3573
626 3574
626 3589
627 3574
627 3575
627 3590
628 3575
628 3576
628 3590
628 3591
629 3576
629 3577
629 3591
629 3592
630 3577
630 3578
630 3592
630 3593
631 3578
631 3579
631 3593
631 3594
632 3579
632 3580
632 3594
633 3580
633 3581
633 3595
634 3581
634 3596
635 3582
635 3596
635 3597
636 3582
636 3583
636 3597
636 3598
637 3583
637 3584
637 3598
637 3599
638 3584
638 3585
638 3599
639 3585
639 3586
639 3600
640 3586
640 3587
640 3601
641 3587
641 3588
641 3601
641 3602
642 3588
642 3602
642 3603
643 3589
643 3603
643 3604
644 3590
644 3604
644 3605
645 3590
645 3591
645 3605
646 3591
646 3592
646 3606
647 3592
647 3593
647 3606
647 3607
648 3593
648 3594
648 3607
648 3608
649 3594
649 3608
649 3609
650 3595
650 3609
651 3595
651 3596
651 3610
652 3596
652 3597
652 3611
653 3597
653 3598
653 3611
653 3612
654 3598
654 3612
654 3613
655 3599
655 3613
656 3600
656 3614
657 3600
657 3601
657 3615
658 3601
658 3602
658 3615
658 3616
659 3602
659 3603
659 3616
659 3617
660 3603
660 3617
661 3604
661 3618
662 3604
662 3605
662 3619
663 3605
663 3606
663 3619
663 3620
664 3606
664 3607
664 3620
664 3621
665 3607
665 3621
665 3622
666 3608
666 3622
667 3609
667 3623
668 3609
668 3610
668 3623
668 3624
669 3610
669 3611
669 3624
669 3625
670 3611
670 3612
670 3625
670 3626
671 3612
671 3626
671 3627
672 3613
672 3627
673 3614
673 3628
674 3614
674 3615
674 3628
674 3629
675 3615
675 3616
675 3629
675 3630
676 3616
676 3617
676 3630
676 3631
677 3617
677 3631
677 3632
678 3618
678 3632
678 3633
679 3619
679 3633
680 3619
680 3620
680 3634
681 3620
681 3621
681 3635
682 3621
682 3622
682 3635
682 3636
683 3622
683 3623
683 3636
683 3637
684 3623
684 3637
684 3638
685 3624
685 3638
685 3639
686 3624
686 3625
686 3639
686 3640
687 3625
687 3626
687 3640
687 3641
688 3626
688 3627
688 3641
688 3642
689 3627
689 3628
689 3642
689 3643
690 3628
690 3643
690 3644
691 3629
691 3644
691 3645
692 3629
692 3630
692 3645
692 3646
693 3630
693 3631
693 3646
693 3647
694 3631
694 3632
694 3647
694 3648
695 3632
695 3648
696 3633
696 3648
696 3649
697 3633
697 3634
697 3649
697 3650
697 3651
698 3634
698 3635
698 3650
698 3651
698 3652
699 3635
699 3636
699 3651
699 3652
699 3653
700 3636
700 3652
700 3653
700 3654
701 3637
701 3653
701 3654
701 3655
702 3637
702 3638
702 3654
702 3655
702 3656
703 3638
703 3639
703 3655
703 3656
703 3657
704 3639
704 3640
704 3657
704 3658
705 3640
705 3658
705 3659
706 3640
706 3641
706 3659
706 3660
707 3641
707 3642
707 3660
707 3661
707 3662
708 3642
708 3643
708 3661
708 3662
708 3663
709 3643
709 3662
709 3663
709 3664
710 3643
710 3644
710 3663
710 3664
710 3665
711 3644
711 3645
711 3664
711 3665
711 3666
711 3667
712 3645
712 3665
712 3666
712 3667
712 3668
713 3645
713 3646
713 3667
713 3668
713 3669
714 3646
714 3647
714 3668
714 3669
714 3670
714 3671
715 3646
715 3647
715 3669
715 3670
715 3671
715 3672
716 3647
716 3648
716 3670
716 3671
716 3672
716 3673
717 3648
717 3649
717 3671
717 3672
717 3673
717 3674
717 3675
718 3648
718 3649
718 3673
718 3674
718 3675
718 3676
719 3649
719 3650
719 3674
719 3675
719 3676
719 3677
720 3649
720 3650
720 3675
720 3676
720 3677
720 3678
721 3650
721 3651
721 3676
721 3677
721 3678
721 3679
721 3680
722 3650
722 3651
722 3677
722 3678
722 3679
722 3680
722 3681
723 3651
723 3652
723 3678
723 3679
723 3680
723 3681
723 3682
724 3651
724 3652
724 3653
724 3679
724 3680
724 3681
724 3682
724 3683
725 3652
725 3653
725 3680
725 3681
725 3682
725 3683
725 3684
726 3652
726 3653
726 3681
726 3682
726 3683
726 3684
726 3685
727 3653
727 3654
727 3682
727 3683
727 3684
727 3685
727 3686
727 3687
728 3653
728 3654
728 3655
728 3683
728 3684
728 3685
728 3686
728 3687
728 3688
729 3654
729 3655
729 3685
729 3686
729 3687
729 3688
729 3689
730 3654
730 3655
730 3656
730 3686
730 3687
730 3688
730 3689
730 3690
731 3655
731 3656
731 3687
731 3688
731 3689
731 3690
731 3691
732 3655
732 3656
732 3657
732 3688
732 3689
732 3690
732 3691
732 3692
733 3656
733 3657
733 3689
733 3690
733 3691
733 3692
733 3693
734 3656
734 3657
734 3658
734 3690
734 3691
734 3692
734 3693
734 3694
735 3657
735 3658
735 3691
735 3692
735 3693
735 3694
735 3695
736 3657
736 3658
736 3659
736 3692
736 3693
736 3694
736 3695
736 3696
737 3658
737 3659
737 3693
737 3694
737 3695
737 3696
738 3658
738 3659
738 3660
738 3694
738 3695
738 3696
738 3697
739 3659
739 3660
739 3695
739 3696
739 3697
739 3698
740 3659
740 3660
740 3661
740 3696
740 3697
740 3698
741 3660
741 3661
741 3662
741 3697
741 3698
741 3699
742 3660
742 3661
742 3662
742 3663
742 3697
742 3698
742 3699
742 3700
743 3661
743 3662
743 3663
743 3698
743 3699
743 3700
744 3662
744 3663
744 3664
744 3699
744 3700
744 3701
745 3662
745 3663
745 3664
745 3665
745 3700
745 3701
745 3702
746 3663
746 3664
746 3665
746 3666
746 3701
746 3702
747 3664
747 3665
747 3666
747 3667
747 3701
747 3702
747 3703
748 3665
748 3666
748 3667
748 3668
748 3702
748 3703
748 3704
749 3666
749 3667
749 3668
749 3669
749 3670
749 3703
749 3704
750 3667
750 3668
750 3669
750 3670
750 3671
750 3703
750 3704
750 3705
751 3668
751 3669
751 3670
751 3671
751 3672
751 3673
751 3704
751 3705
751 3706
752 3669
752 3670
752 3671
752 3672
752 3673
752 3674
752 3705
752 3706
753 3671
753 3672
753 3673
753 3674
753 3675
753 3676
753 3706
753 3707
754 3672
754 3673
754 3674
754 3675
754 3676
754 3677
754 3678
754 3706
754 3707
754 3708
755 3674
755 3675
755 3676
755 3677
755 3678
755 3679
755 3707
755 3708
755 3709
756 3676
756 3677
756 3678
756 3679
756 3680
756 3681
756 3708
756 3709
757 3678
757 3679
757 3680
757 3681
757 3682
757 3709
757 3710
758 3680
758 3681
758 3682
758 3683
758 3684
758 3709
758 3710
758 3711
759 3681
759 3682
759 3683
759 3684
759 3685
759 3710
759 3711
760 3683
760 3684
760 3685
760 3686
760 3687
760 3711
760 3712
761 3685
761 3686
761 3687
761 3688
761 3712
761 3713
762 3686
762 3687
762 3688
762 3689
762 3712
762 3713
763 3688
763 3689
763 3690
763 3691
763 3713
763 3714
764 3689
764 3690
764 3691
764 3692
764 3714
764 3715
765 3690
765 3691
765 3692
765 3693
765 3715
765 3716
766 3692
766 3693
766 3694
766 3715
766 3716
767 3693
767 3694
767 3695
767 3716
767 3717
768 3694
768 3695
768 3696
768 3717
768 3718
769 3695
769 3696
769 3697
769 3698
769 3718
769 3719
770 3697
770 3698
770 3699
770 3718
770 3719
771 3698
771 3699
771 3700
771 3719
771 3720
772 3699
772 3700
772 3701
772 3720
772 3721
773 3700
773 3701
773 3702
773 3721
773 3722
774 3702
774 3703
774 3721
774 3722
775 3703
775 3704
775 3722
775 3723
776 3704
776 3705
776 3723
776 3724
777 3705
777 3706
777 3724
777 3725
778 3706
778 3707
778 3708
778 3725
778 3726
779 3707
779 3708
779 3709
779 3726
780 3708
780 3709
780 3710
780 3726
780 3727
781 3709
781 3710
781 3711
781 3727
781 3728
782 3710
782 3711
782 3712
782 3728
782 3729
783 3711
783 3712
783 3713
783 3729
783 3730
784 3712
784 3713
784 3714
784 3730
784 3731
785 3713
785 3714
785 3715
785 3731
786 3714
786 3715
786 3731
786 3732
787 3715
787 3716
787 3732
787 3733
788 3716
788 3717
788 3733
788 3734
789 3717
789 3718
789 3734
789 3735
790 3718
790 3719
790 3735
790 3736
791 3719
791 3720
791 3736
791 3737
792 3720
792 3721
792 3736
792 3737
793 3721
793 3722
793 3737
793 3738
794 3722
794 3723
794 3738
794 3739
795 3723
795 3739
795 3740
796 3723
796 3724
796 3740
796 3741
797 3724
797 3725
797 3741
797 3742
798 3725
798 3726
798 3742
799 3726
799 3727
799 3742
799 3743
800 3727
800 3728
800 3743
800 3744
801 3728
801 3744
801 3745
802 3728
802 3729
802 3745
802 3746
803 3729
803 3730
803 3746
803 3747
804 3730
804 3731
804 3747
805 3731
805 3732
805 3747
805 3748
806 3732
806 3733
806 3748
806 3749
807 3732
807 3733
807 3749
807 3750
808 3733
808 3734
808 3750
808 3751
809 3734
809 3735
809 3751
809 3752
810 3735
810 3736
810 3752
810 3753
811 3736
811 3737
811 3752
811 3753
812 3737
812 3753
812 3754
813 3737
813 3738
813 3754
813 3755
814 3738
814 3739
814 3755
814 3756
815 3739
815 3740
815 3756
815 3757
816 3740
816 3741
816 3757
816 3758
817 3740
817 3741
817 3758
817 3759
818 3741
818 3742
818 3759
818 3760
819 3742
819 3743
819 3760
819 3761
820 3743
820 3744
820 3761
820 3762
821 3744
821 3745
821 3762
821 3763
822 3744
822 3745
822 3763
822 3764
823 3745
823 3746
823 3764
823 3765
824 3746
824 3747
824 3765
824 3766
825 3747
825 3748
825 3765
825 3766
825 3767
826 3747
826 3748
826 3766
826 3767
826 3768
827 3748
827 3749
827 3767
827 3768
827 3769
828 3749
828 3750
828 3768
828 3769
829 3749
829 3750
829 3769
829 3770
830 3750
830 3751
830 3770
830 3771
831 3751
831 3752
831 3770
831 3771
831 3772
832 3751
832 3752
832 3771
832 3772
833 3752
833 3753
833 3772
833 3773
834 3752
834 3753
834 3772
834 3773
834 3774
835 3753
835 3754
835 3773
835 3774
836 3754
836 3755
836 3774
836 3775
837 3754
837 3755
837 3774
837 3775
837 3776
838 3755
838 3756
838 3775
838 3776
839 3755
839 3756
839 3757
839 3776
839 3777
840 3756
840 3757
840 3776
840 3777
841 3757
841 3758
841 3777
841 3778
842 3757
842 3758
842 3777
842 3778
842 3779
843 3758
843 3759
843 3778
843 3779
844 3759
844 3760
844 3779
844 3780
845 3759
845 3760
845 3779
845 3780
846 3760
846 3761
846 3780
846 3781
847 3761
847 3762
847 3781
848 3761
848 3762
848 3763
848 3781
848 3782
849 3762
849 3763
849 3782
849 3783
850 3763
850 3764
850 3782
850 3783
851 3763
851 3764
851 3765
851 3783
851 3784
852 3764
852 3765
852 3766
852 3784
853 3765
853 3766
853 3784
853 3785
854 3766
854 3767
854 3785
854 3786
855 3767
855 3768
855 3786
856 3767
856 3768
856 3769
856 3786
856 3787
857 3768
857 3769
857 3770
857 3787
857 3788
858 3769
858 3770
858 3787
858 3788
859 3770
859 3771
859 3788
859 3789
860 3771
860 3772
860 3789
860 3790
861 3772
861 3773
861 3790
862 3773
862 3774
862 3790
862 3791
863 3774
863 3775
863 3791
863 3792
864 3774
864 3775
864 3776
864 3792
865 3775
865 3776
865 3792
865 3793
866 3776
866 3777
866 3793
866 3794
867 3777
867 3778
867 3794
867 3795
868 3778
868 3779
868 3795
869 3779
869 3780
869 3795
869 3796
870 3780
870 3781
870 3796
870 3797
871 3781
871 3782
871 3797
871 3798
872 3782
872 3783
872 3798
873 3783
873 3784
873 3798
873 3799
874 3784
874 3785
874 3799
874 3800
875 3785
875 3800
875 3801
876 3785
876 3786
876 3801
876 3802
877 3786
877 3787
877 3802
878 3787
878 3788
878 3803
879 3788
879 3789
879 3803
879 3804
880 3789
880 3790
880 3804
880 3805
881 3790
881 3791
881 3805
881 3806
882 3791
882 3792
882 3806
882 3807
883 3792
883 3807
883 3808
884 3793
884 3808
885 3793
885 3794
885 3809
886 3794
886 3795
886 3809
886 3810
887 3795
887 3796
887 3810
887 3811
888 3796
888 3797
888 3811
888 3812
889 3797
889 3812
889 3813
890 3798
890 3813
890 3814
891 3798
891 3799
891 3814
892 3799
892 3800
892 3815
893 3800
893 3801
893 3815
893 3816
894 3801
894 3802
894 3816
894 3817
895 3802
895 3817
895 3818
896 3802
896 3803
896 3818
896 3819
897 3803
897 3804
897 3819
897 3820
898 3804
898 3805
898 3820
899 3805
899 3806
899 3821
900 3806
900 3821
900 3822
901 3807
901 3822
901 3823
902 3807
902 3808
902 3823
902 3824
903 3808
903 3809
903 3824
903 3825
904 3809
904 3810
904 3825
904 3826
905 3810
905 3811
905 3826
906 3811
906 3826
906 3827
907 3812
907 3827
907 3828
908 3812
908 3813
908 3828
908 3829
909 3813
909 3814
909 3829
909 3830
910 3814
910 3815
910 3830
910 3831
911 3815
911 3816
911 3831
911 3832
912 3816
912 3832
913 3816
913 3817
913 3832
913 3833
914 3817
914 3818
914 3833
914 3834
915 3818
915 3819
915 3834
915 3835
916 3819
916 3820
916 3835
916 3836
917 3820
917 3836
917 3837
918 3820
918 3821
918 3837
918 3838
919 3821
919 3822
919 3837
919 3838
920 3822
920 3823
920 3838
920 3839
921 3823
921 3839
921 3840
922 3823
922 3824
922 3840
922 3841
923 3824
923 3825
923 3841
924 3825
924 3826
924 3841
924 3842
925 3825
925 3826
925 3842
925 3843
926 3826
926 3827
926 3843
926 3844
927 3827
927 3828
927 3843
927 3844
928 3827
928 3828
928 3844
928 3845
929 3828
929 3829
929 3845
929 3846
930 3829
930 3845
930 3846
931 3829
931 3830
931 3846
931 3847
932 3830
932 3831
932 3846
932 3847
933 3830
933 3831
933 3847
933 3848
934 3831
934 3832
934 3848
935 3831
935 3832
935 3848
935 3849
936 3832
936 3833
936 3849
937 3832
937 3833
937 3849
937 3850
938 3833
938 3834
938 3850
939 3833
939 3834
939 3850
939 3851
940 3834
940 3835
940 3851
941 3834
941 3835
941 3851
941 3852
942 3835
942 3836
942 3852
943 3835
943 3836
943 3852
943 3853
944 3836
944 3837
944 3852
944 3853
945 3836
945 3837
945 3853
945 3854
946 3837
946 3838
946 3853
946 3854
947 3837
947 3838
947 3854
948 3838
948 3839
948 3854
948 3855
949 3838
949 3839
949 3854
949 3855
950 3839
950 3840
950 3855
951 3839
951 3840
951 3855
951 3856
952 3840
952 3855
952 3856
953 3840
953 3841
953 3855
953 3856
954 3840
954 3841
954 3855
954 3856
955 3841
955 3842
955 3855
955 3856
956 3841
956 3842
956 3855
956 3856
957 3842
957 3843
957 3855
957 3856
958 3842
958 3843
958 3844
958 3855
958 3856
959 3843
959 3844
959 3855
959 3856
960 3843
960 3844
960 3845
960 3854
960 3855
960 3856
961 3844
961 3845
961 3846
961 3853
961 3854
961 3855
962 3845
962 3846
962 3847
962 3848
962 3852
962 3853
962 3854
962 3855
963 3846
963 3847
963 3848
963 3849
963 3850
963 3851
963 3852
963 3853
963 3854
964 3847
964 3848
964 3849
964 3850
964 3851
964 3852
964 3853
965 3848
965 3849
965 3850
965 3851
1384 3550
1385 3548
1385 3549
1385 3550
1385 3551
1385 3552
1386 3547
1386 3548
1386 3549
1386 3550
1386 3551
1386 3552
1386 3553
1387 3546
1387 3547
1387 3548
1387 3549
1387 3550
1387 3551
1387 3552
1387 3553
1387 3554
1388 3545
1388 3546
1388 3547
1388 3548
1388 3549
1388 3550
1388 3551
1388 3552
1388 3553
1388 3554
1389 3545
1389 3546
1389 3547
1389 3548
1389 3549
1389 3550
1389 3551
1389 3552
1389 3553
1389 3554
1390 3544
1390 3545
1390 3546
1390 3547
1390 3548
1390 3549
1390 3550
1390 3551
1390 3552
1390 3553
1390 3554
1390 3555
1391 3543
1391 3544
1391 3545
1391 3546
1391 3547
1391 3548
1391 3549
1391 3550
1391 3551
1391 3552
1391 3553
1391 3554
1391 3555
1392 3543
1392 3544
1392 3545
1392 3546
1392 3547
1392 3548
1392 3549
1392 3550
1392 3551
1392 3552
1392 3553
1392 3554
1392 3555
1393 3542
1393 3543
1393 3544
1393 3545
1393 3546
1393 3547
1393 3548
1393 3549
1393 3550
1393 3551
1393 3552
1393 3553
1393 3554
1393 3555
1394 3542
1394 3543
1394 3544
1394 3545
1394 3546
1394 3547
1394 3548
1394 3549
1394 3550
1394 3551
1394 3552
1394 3553
1394 3554
1394 3555
1395 3541
1395 3542
1395 3543
1395 3544
1395 3545
1395 3546
1395 3547
1395 3548
1395 3549
1395 3550
1395 3551
1395 3552
1395 3553
1395 3554
1395 3555
1395 3556
1396 3541
1396 3542
1396 3543
1396 3544
1396 3545
1396 3546
1396 3547
1396 3548
1396 3549
1396 3550
1396 3551
1396 3552
1396 3553
1396 3554
1396 3555
1396 3556
1397 3540
1397 3541
1397 3542
1397 3543
1397 3544
1397 3545
1397 3546
1397 3547
1397 3548
1397 3549
1397 3550
1397 3551
1397 3552
1397 3553
1397 3554
1397 3555
1397 3556
1398 3540
1398 3541
1398 3542
1398 3543
1398 3544
1398 3545
1398 3546
1398 3547
1398 3548
1398 3549
1398 3550
1398 3551
1398 3552
1398 3553
1398 3554
1398 3555
1398 3556
1399 3539
1399 3540
1399 3541
1399 3542
1399 3543
1399 3544
1399 3545
1399 3546
1399 3547
1399 3548
1399 3549
1399 3550
1399 3551
1399 3552
1399 3553
1399 3554
1399 3555
1399 3556
1400 3538
1400 3539
1400 3540
1400 3541
1400 3542
1400 3543
1400 3544
1400 3545
1400 3546
1400 3547
1400 3550
1400 3551
1400 3552
1400 3553
1400 3554
1400 3555
1400 3556
1401 3537
1401 3538
1401 3539
1401 3540
1401 3541
1401 3542
1401 3543
1401 3544
1401 3545
1401 3551
1401 3552
1401 3553
1401 3554
1401 3555
1401 3556
1402 3537
1402 3538
1402 3539
1402 3540
1402 3541
1402 3542
1402 3543
1402 3544
1402 3552
1402 3553
1402 3554
1402 3555
1402 3556
1403 3536
1403 3537
1403 3538
1403 3539
1403 3540
1403 3541
1403 3542
1403 3543
1403 3552
1403 3553
1403 3554
1403 3555
1403 3556
1404 3534
1404 3535
1404 3536
1404 3537
1404 3538
1404 3539
1404 3540
1404 3541
1404 3542
1404 3552
1404 3553
1404 3554
1404 3555
1404 3556
1405 3533
1405 3534
1405 3535
1405 3536
1405 3537
1405 3538
1405 3539
1405 3540
1405 3541
1405 3552
1405 3553
1405 3554
1405 3555
1405 3556
1406 3532
1406 3533
1406 3534
1406 3535
1406 3536
1406 3537
1406 3538
1406 3539
1406 3540
1406 3552
1406 3553
1406 3554
1406 3555
1406 3556
1407 3531
1407 3532
1407 3533
1407 3534
1407 3535
1407 3536
1407 3537
1407 3538
1407 3539
1407 3552
1407 3553
1407 3554
1407 3555
1407 3556
1408 3530
1408 3531
1408 3532
1408 3533
1408 3534
1408 3535
1408 3536
1408 3537
1408 3538
1408 3552
1408 3553
1408 3554
1408 3555
1408 3556
1409 3529
1409 3530
1409 3531
1409 3532
1409 3533
1409 3534
1409 3535
1409 3536
1409 3537
1409 3538
1409 3552
1409 3553
1409 3554
1409 3555
1410 3528
1410 3529
1410 3530
1410 3531
1410 3532
1410 3533
1410 3534
1410 3535
1410 3536
1410 3537
1410 3551
1410 3552
1410 3553
1410 3554
1410 3555
1411 3527
1411 3528
1411 3529
1411 3530
1411 3531
1411 3532
1411 3533
1411 3534
1411 3535
1411 3536
1411 3537
1411 3551
1411 3552
1411 3553
1411 3554
1412 3527
1412 3528
1412 3529
1412 3530
1412 3531
1412 3532
1412 3533
1412 3534
1412 3535
1412 3536
1412 3550
1412 3551
1412 3552
1412 3553
1412 3554
1413 3526
1413 3527
1413 3528
1413 3529
1413 3530
1413 3531
1413 3532
1413 3533
1413 3534
1413 3535
1413 3536
1413 3549
1413 3550
1413 3551
1413 3552
1413 3553
1414 3526
1414 3527
1414 3528
1414 3529
1414 3530
1414 3531
1414 3532
1414 3533
1414 3534
1414 3535
1414 3536
1414 3537
1414 3548
1414 3549
1414 3550
1414 3551
1414 3552
1414 3553
1415 3526
1415 3527
1415 3528
1415 3529
1415 3530
1415 3531
1415 3532
1415 3533
1415 3534
1415 3535
1415 3536
1415 3537
1415 3547
1415 3548
1415 3549
1415 3550
1415 3551
1415 3552
1416 3526
1416 3527
1416 3528
1416 3529
1416 3530
1416 3531
1416 3532
1416 3533
1416 3534
1416 3535
1416 3536
1416 3537
1416 3538
1416 3539
1416 3545
1416 3546
1416 3547
1416 3548
1416 3549
1416 3550
1416 3551
1417 3527
1417 3528
1417 3529
1417 3530
1417 3531
1417 3532
1417 3533
1417 3534
1417 3535
1417 3536
1417 3537
1417 3538
1417 3539
1417 3540
1417 3541
1417 3542
1417 3543
1417 3544
1417 3545
1417 3546
1417 3547
1417 3548
1417 3549
1417 3550
1418 3528
1418 3529
1418 3530
1418 3531
1418 3532
1418 3533
1418 3534
1418 3535
1418 3536
1418 3537
1418 3538
1418 3539
1418 3540
1418 3541
1418 3542
1418 3543
1418 3544
1418 3545
1418 3546
1418 3547
1418 3548
1418 3549
1419 3529
1419 3530
1419 3531
1419 3532
1419 3533
1419 3534
1419 3535
1419 3536
1419 3537
1419 3538
1419 3539
1419 3540
1419 3541
1419 3542
1419 3543
1419 3544
1419 3545
1419 3546
1419 3547
1420 3531
1420 3532
1420 3533
1420 3534
1420 3535
1420 3536
1420 3537
1420 3538
1420 3539
1420 3540
1420 3541
1420 3542
1420 3543
1420 3544
1420 3545
1421 3535
1421 3536
1421 3537
1421 3538
1421 3539
1421 3540
1421 3541
1421 3542
1536 4540
1537 4539
1537 4540
1538 4539
1538 4540
1539 4538
1539 4539
1540 4537
1540 4538
1541 4537
1541 4538
1542 4536
1542 4537
1543 4536
1544 4535
1544 4536
1545 4534
1545 4535
1546 4534
1546 4535
1547 4533
1547 4534
1548 4533
1548 4534
1549 4532
1549 4533
1550 4532
1550 4533
1551 4531
1551 4532
1552 4531
1552 4532
1553 4530
1553 4531
1554 4530
1554 4531
1555 4530
1556 4529
1556 4530
1557 4529
1557 4530
1558 4529
1559 4528
1559 4529
1560 4528
1560 4529
1561 4528
1561 4529
1562 4528
1562 4529
1563 4528
1563 4529
1564 4528
1564 4529
1565 4528
1565 4529
1566 4528
1566 4529
1567 4528
1567 4529
1568 4528
1568 4529
1568 4540
1569 4528
1569 4529
1569 4530
1569 4540
1570 4529
1570 4530
1570 4539
1570 4540
1571 4529
1571 4530
1571 4531
1571 4538
1571 4539
1571 4540
1572 4530
1572 4531
1572 4532
1572 4533
1572 4537
1572 4538
1572 4539
1572 4540
1573 4530
1573 4531
1573 4532
1573 4533
1573 4534
1573 4535
1573 4536
1573 4537
1573 4538
1573 4539
1574 4531
1574 4532
1574 4533
1574 4534
1574 4535
1574 4536
1574 4537
1574 4538
1575 4532
1575 4533
1575 4534
1575 4535
1575 4536
1575 4537
2329 3273
2329 3274
2329 3275
2329 3276
2329 3277
2329 3278
2329 3279
2330 3270
2330 3271
2330 3272
2330 3273
2330 3274
2330 3275
2330 3276
2330 3277
2330 3278
2330 3279
2330 3280
2330 3281
2330 3282
2331 3268
2331 3269
2331 3270
2331 3271
2331 3272
2331 3273
2331 3274
2331 3275
2331 3276
2331 3277
2331 3278
2331 3279
2331 3280
2331 3281
2331 3282
2331 3283
2332 3267
2332 3268
2332 3269
2332 3270
2332 3271
2332 3272
2332 3273
2332 3274
2332 3275
2332 3276
2332 3277
2332 3278
2332 3279
2332 3280
2332 3281
2332 3282
2332 3283
2332 3284
2332 3285
2333 3266
2333 3267
2333 3268
2333 3269
2333 3270
2333 3271
2333 3272
2333 3281
2333 3282
2333 3283
2333 3284
2333 3285
2333 3286
2334 3265
2334 3266
2334 3267
2334 3268
2334 3269
2334 3270
2334 3283
2334 3284
2334 3285
2334 3286
2334 3287
2334 3288
2335 3264
2335 3265
2335 3266
2335 3267
2335 3268
2335 3269
2335 3285
2335 3286
2335 3287
2335 3288
2335 3289
2336 3264
2336 3265
2336 3266
2336 3267
2336 3268
2336 3287
2336 3288
2336 3289
2336 3290
2337 3263
2337 3264
2337 3265
2337 3266
2337 3267
2337 3288
2337 3289
2337 3290
2337 3291
2338 3263
2338 3264
2338 3265
2338 3266
2338 3267
2338 3289
2338 3290
2338 3291
2338 3292
2339 3263
2339 3264
2339 3265
2339 3266
2339 3290
2339 3291
2339 3292
2339 3293
2340 3263
2340 3264
2340 3265
2340 3266
2340 3292
2340 3293
2340 3294
2341 3263
2341 3264
2341 3265
2341 3266
2341 3293
2341 3294
2341 3295
2342 3263
2342 3264
2342 3265
2342 3266
2342 3294
2342 3295
2342 3296
2343 3263
2343 3264
2343 3265
2343 3266
2343 3295
2343 3296
2343 3297
2344 3263
2344 3264
2344 3265
2344 3266
2344 3296
2344 3297
2344 3298
2345 3264
2345 3265
2345 3266
2345 3267
2345 3297
2345 3298
2345 3299
2346 3264
2346 3265
2346 3266
2346 3267
2346 3268
2346 3298
2346 3299
2346 3300
2347 3265
2347 3266
2347 3267
2347 3268
2347 3299
2347 3300
2347 3301
2348 3265
2348 3266
2348 3267
2348 3268
2348 3269
2348 3300
2348 3301
2348 3302
2349 3266
2349 3267
2349 3268
2349 3269
2349 3270
2349 3301
2349 3302
2349 3303
2350 3267
2350 3268
2350 3269
2350 3270
2350 3271
2350 3272
2350 3302
2350 3303
2350 3304
2351 3269
2351 3270
2351 3271
2351 3272
2351 3273
2351 3303
2351 3304
2351 3305
2352 3270
2352 3271
2352 3272
2352 3273
2352 3274
2352 3275
2352 3304
2352 3305
2352 3306
2353 3272
2353 3273
2353 3274
2353 3275
2353 3276
2353 3277
2353 3305
2353 3306
2353 3307
2354 3274
2354 3275
2354 3276
2354 3277
2354 3278
2354 3279
2354 3306
2354 3307
2354 3308
2355 3276
2355 3277
2355 3278
2355 3279
2355 3280
2355 3281
2355 3307
2355 3308
2355 3309
2356 3278
2356 3279
2356 3280
2356 3281
2356 3282
2356 3309
2356 3310
2357 3281
2357 3282
2357 3283
2357 3284
2357 3310
2357 3311
2358 3283
2358 3284
2358 3285
2358 3286
2358 3311
2358 3312
2359 3285
2359 3286
2359 3287
2359 3288
2359 3312
2359 3313
2360 3287
2360 3288
2360 3289
2360 3290
2360 3312
2360 3313
2360 3314
2361 3289
2361 3290
2361 3291
2361 3313
2361 3314
2361 3315
2362 3291
2362 3292
2362 3293
2362 3314
2362 3315
2362 3316
2363 3292
2363 3293
2363 3294
2363 3295
2363 3315
2363 3316
2364 3294
2364 3295
2364 3296
2364 3316
2364 3317
2365 3296
2365 3297
2365 3298
2365 3317
2365 3318
2366 3297
2366 3298
2366 3299
2366 3318
2366 3319
2367 3299
2367 3300
2367 3301
2367 3319
2367 3320
2368 3300
2368 3301
2368 3302
2368 3320
2368 3321
2369 3302
2369 3303
2369 3321
2369 3322
2370 3303
2370 3304
2370 3322
2370 3323
2371 3304
2371 3305
2371 3306
2371 3324
2372 3306
2372 3307
2372 3325
2373 3307
2373 3308
2373 3326
2373 3327
2374 3308
2374 3309
2374 3327
2374 3328
2375 3309
2375 3310
2375 3328
2375 3329
2376 3310
2376 3311
2376 3329
2376 3330
2377 3311
2377 3312
2377 3313
2377 3330
2377 3331
2378 3313
2378 3314
2378 3331
2378 3332
2379 3314
2379 3315
2379 3332
2379 3333
2380 3315
2380 3316
2380 3333
2380 3334
2381 3316
2381 3317
2381 3334
2381 3335
2382 3317
2382 3318
2382 3335
2382 3336
2383 3318
2383 3319
2383 3336
2383 3337
2384 3319
2384 3320
2384 3337
2384 3338
2385 3320
2385 3321
2385 3338
2385 3339
2386 3321
2386 3322
2386 3339
2386 3340
2387 3322
2387 3323
2387 3340
2387 3341
2388 3323
2388 3324
2388 3341
2388 3342
2389 3324
2389 3325
2389 3342
2389 3343
2390 3325
2390 3326
2390 3343
2390 3344
2391 3326
2391 3327
2391 3344
2391 3345
2392 3326
2392 3327
2392 3345
2392 3346
2393 3327
2393 3328
2393 3346
2393 3347
2394 3328
2394 3329
2394 3347
2394 3348
2395 3329
2395 3330
2395 3348
2395 3349
2396 3330
2396 3331
2396 3349
2396 3350
2397 3331
2397 3332
2397 3350
2397 3351
2397 3352
2398 3332
2398 3333
2398 3351
2398 3352
2398 3353
2399 3333
2399 3334
2399 3352
2399 3353
2399 3354
2400 3334
2400 3335
2400 3354
2400 3355
2401 3335
2401 3336
2401 3355
2401 3356
2401 3357
2402 3336
2402 3337
2402 3356
2402 3357
2402 3358
2403 3337
2403 3338
2403 3357
2403 3358
2403 3359
2404 3338
2404 3339
2404 3359
2404 3360
2404 3361
2405 3339
2405 3340
2405 3360
2405 3361
2405 3362
2405 3363
2406 3340
2406 3341
2406 3361
2406 3362
2406 3363
2406 3364
2407 3341
2407 3342
2407 3363
2407 3364
2407 3365
2407 3366
2408 3341
2408 3342
2408 3343
2408 3365
2408 3366
2408 3367
2408 3368
2409 3342
2409 3343
2409 3366
2409 3367
2409 3368
2409 3369
2409 3370
2410 3343
2410 3344
2410 3368
2410 3369
2410 3370
2410 3371
2410 3372
2411 3344
2411 3345
2411 3370
2411 3371
2411 3372
2411 3373
2412 3345
2412 3346
2412 3371
2412 3372
2412 3373
2412 3374
2412 3375
2413 3345
2413 3346
2413 3347
2413 3373
2413 3374
2413 3375
2413 3376
2414 3346
2414 3347
2414 3374
2414 3375
2414 3376
2414 3377
2414 3378
2415 3347
2415 3348
2415 3376
2415 3377
2415 3378
2415 3379
2415 3380
2416 3348
2416 3349
2416 3377
2416 3378
2416 3379
2416 3380
2416 3381
2417 3348
2417 3349
2417 3350
2417 3379
2417 3380
2417 3381
2417 3382
2418 3349
2418 3350
2418 3380
2418 3381
2418 3382
2418 3383
2418 3384
2419 3350
2419 3351
2419 3381
2419 3382
2419 3383
2419 3384
2419 3385
2420 3350
2420 3351
2420 3352
2420 3383
2420 3384
2420 3385
2420 3386
2421 3351
2421 3352
2421 3384
2421 3385
2421 3386
2421 3387
2422 3352
2422 3353
2422 3385
2422 3386
2422 3387
2422 3388
2423 3352
2423 3353
2423 3354
2423 3386
2423 3387
2423 3388
2423 3389
2424 3353
2424 3354
2424 3355
2424 3387
2424 3388
2424 3389
2424 3390
2425 3354
2425 3355
2425 3388
2425 3389
2425 3390
2425 3391
2425 3392
2426 3354
2426 3355
2426 3356
2426 3389
2426 3390
2426 3391
2426 3392
2426 3393
2427 3355
2427 3356
2427 3357
2427 3391
2427 3392
2427 3393
2427 3394
2428 3356
2428 3357
2428 3358
2428 3392
2428 3393
2428 3394
2428 3395
2429 3357
2429 3358
2429 3359
2429 3393
2429 3394
2429 3395
2429 3396
2430 3357
2430 3358
2430 3359
2430 3394
2430 3395
2430 3396
2430 3397
2431 3358
2431 3359
2431 3360
2431 3395
2431 3396
2431 3397
2431 3398
2432 3359
2432 3360
2432 3361
2432 3396
2432 3397
2432 3398
2432 3399
2433 3360
2433 3361
2433 3362
2433 3397
2433 3398
2433 3399
2433 3400
2434 3360
2434 3361
2434 3362
2434 3363
2434 3398
2434 3399
2434 3400
2434 3401
2435 3361
2435 3362
2435 3363
2435 3364
2435 3365
2435 3399
2435 3400
2435 3401
2435 3402
2436 3362
2436 3363
2436 3364
2436 3365
2436 3366
2436 3400
2436 3401
2436 3402
2436 3403
2437 3363
2437 3364
2437 3365
2437 3366
2437 3367
2437 3401
2437 3402
2437 3403
2437 3404
2438 3364
2438 3365
2438 3366
2438 3367
2438 3368
2438 3402
2438 3403
2438 3404
2438 3405
2439 3366
2439 3367
2439 3368
2439 3369
2439 3403
2439 3404
2439 3405
2439 3406
2440 3367
2440 3368
2440 3369
2440 3370
2440 3371
2440 3404
2440 3405
2440 3406
2440 3407
2441 3368
2441 3369
2441 3370
2441 3371
2441 3372
2441 3406
2441 3407
2441 3408
2442 3369
2442 3370
2442 3371
2442 3372
2442 3373
2442 3407
2442 3408
2442 3409
2443 3371
2443 3372
2443 3373
2443 3374
2443 3375
2443 3408
2443 3409
2443 3410
2443 3411
2444 3372
2444 3373
2444 3374
2444 3375
2444 3376
2444 3409
2444 3410
2444 3411
2444 3412
2445 3374
2445 3375
2445 3376
2445 3377
2445 3378
2445 3410
2445 3411
2445 3412
2445 3413
2446 3375
2446 3376
2446 3377
2446 3378
2446 3379
2446 3411
2446 3412
2446 3413
2446 3414
2447 3377
2447 3378
2447 3379
2447 3380
2447 3381
2447 3413
2447 3414
2447 3415
2448 3378
2448 3379
2448 3380
2448 3381
2448 3382
2448 3414
2448 3415
2448 3416
2448 3417
2449 3380
2449 3381
2449 3382
2449 3383
2449 3384
2449 3415
2449 3416
2449 3417
2449 3418
2450 3382
2450 3383
2450 3384
2450 3385
2450 3416
2450 3417
2450 3418
2450 3419
2451 3383
2451 3384
2451 3385
2451 3386
2451 3387
2451 3418
2451 3419
2451 3420
2451 3421
2452 3385
2452 3386
2452 3387
2452 3388
2452 3419
2452 3420
2452 3421
2452 3422
2452 3423
2453 3386
2453 3387
2453 3388
2453 3389
2453 3421
2453 3422
2453 3423
2453 3424
2454 3388
2454 3389
2454 3390
2454 3391
2454 3422
2454 3423
2454 3424
2454 3425
2454 3426
2455 3389
2455 3390
2455 3391
2455 3392
2455 3424
2455 3425
2455 3426
2455 3427
2455 3428
2456 3391
2456 3392
2456 3393
2456 3394
2456 3426
2456 3427
2456 3428
2456 3429
2457 3392
2457 3393
2457 3394
2457 3395
2457 3427
2457 3428
2457 3429
2457 3430
2457 3431
2458 3394
2458 3395
2458 3396
2458 3397
2458 3429
2458 3430
2458 3431
2458 3432
2458 3433
2459 3395
2459 3396
2459 3397
2459 3398
2459 3430
2459 3431
2459 3432
2459 3433
2459 3434
2460 3397
2460 3398
2460 3399
2460 3400
2460 3432
2460 3433
2460 3434
2460 3435
2460 3436
2461 3398
2461 3399
2461 3400
2461 3401
2461 3433
2461 3434
2461 3435
2461 3436
2461 3437
2462 3400
2462 3401
2462 3402
2462 3403
2462 3435
2462 3436
2462 3437
2462 3438
2463 3401
2463 3402
2463 3403
2463 3404
2463 3436
2463 3437
2463 3438
2463 3439
2464 3403
2464 3404
2464 3405
2464 3406
2464 3437
2464 3438
2464 3439
2464 3440
2465 3405
2465 3406
2465 3407
2465 3438
2465 3439
2465 3440
2465 3441
2466 3406
2466 3407
2466 3408
2466 3409
2466 3438
2466 3439
2466 3440
2466 3441
2467 3408
2467 3409
2467 3410
2467 3439
2467 3440
2467 3441
2467 3442
2468 3409
2468 3410
2468 3411
2468 3412
2468 3439
2468 3440
2468 3441
2468 3442
2469 3411
2469 3412
2469 3413
2469 3414
2469 3439
2469 3440
2469 3441
2469 3442
2470 3412
2470 3413
2470 3414
2470 3415
2470 3439
2470 3440
2470 3441
2470 3442
2471 3414
2471 3415
2471 3416
2471 3417
2471 3439
2471 3440
2471 3441
2471 3442
2472 3416
2472 3417
2472 3418
2472 3419
2472 3439
2472 3440
2472 3441
2472 3442
2473 3417
2473 3418
2473 3419
2473 3420
2473 3421
2473 3438
2473 3439
2473 3440
2473 3441
2474 3419
2474 3420
2474 3421
2474 3422
2474 3423
2474 3437
2474 3438
2474 3439
2474 3440
2474 3441
2475 3421
2475 3422
2475 3423
2475 3424
2475 3425
2475 3426
2475 3435
2475 3436
2475 3437
2475 3438
2475 3439
2475 3440
2476 3424
2476 3425
2476 3426
2476 3427
2476 3428
2476 3429
2476 3430
2476 3431
2476 3432
2476 3433
2476 3434
2476 3435
2476 3436
2476 3437
2476 3438
2477 3427
2477 3428
2477 3429
2477 3430
2477 3431
2477 3432
2477 3433
2477 3434
2477 3435
2477 3436
