71 1839
71 1840
71 1841
71 1842
71 1843
71 1844
71 1845
71 1846
72 1837
72 1838
72 1839
72 1840
72 1841
72 1842
72 1843
72 1844
72 1845
72 1846
72 1847
73 1835
73 1836
73 1837
73 1838
73 1839
73 1840
73 1841
73 1842
73 1843
73 1844
73 1845
73 1846
73 1847
74 1833
74 1834
74 1835
74 1836
74 1837
74 1838
74 1839
74 1840
74 1841
74 1842
74 1843
74 1844
74 1845
74 1846
74 1847
74 1848
75 1832
75 1833
75 1834
75 1835
75 1836
75 1837
75 1838
75 1839
75 1840
75 1841
75 1842
75 1843
75 1844
75 1845
75 1846
75 1847
75 1848
76 1830
76 1831
76 1832
76 1833
76 1834
76 1835
76 1836
76 1837
76 1838
76 1842
76 1843
76 1844
76 1845
76 1846
76 1847
76 1848
77 1828
77 1829
77 1830
77 1831
77 1832
77 1833
77 1834
77 1835
77 1836
77 1843
77 1844
77 1845
77 1846
77 1847
78 1826
78 1827
78 1828
78 1829
78 1830
78 1831
78 1832
78 1833
78 1834
78 1835
78 1842
78 1843
78 1844
78 1845
78 1846
78 1847
79 1825
79 1826
79 1827
79 1828
79 1829
79 1830
79 1831
79 1832
79 1833
79 1834
79 1835
79 1840
79 1841
79 1842
79 1843
79 1844
79 1845
79 1846
80 1823
80 1824
80 1825
80 1826
80 1827
80 1828
80 1829
80 1830
80 1831
80 1832
80 1833
80 1834
80 1835
80 1836
80 1837
80 1838
80 1839
80 1840
80 1841
80 1842
80 1843
80 1844
80 1845
81 1821
81 1822
81 1823
81 1824
81 1825
81 1826
81 1827
81 1828
81 1829
81 1830
81 1831
81 1832
81 1833
81 1834
81 1835
81 1836
81 1837
81 1838
81 1839
81 1840
81 1841
81 1842
81 1843
82 1819
82 1820
82 1821
82 1822
82 1823
82 1824
82 1825
82 1826
82 1827
82 1828
82 1829
82 1830
82 1831
82 1832
82 1833
82 1834
82 1835
82 1836
82 1837
82 1838
82 1839
82 1840
82 1841
83 1818
83 1819
83 1820
83 1821
83 1822
83 1823
83 1824
83 1825
83 1826
83 1827
83 1828
83 1829
83 1830
83 1831
83 1832
83 1833
83 1834
83 1835
83 1836
83 1837
83 1838
83 1839
84 1816
84 1817
84 1818
84 1819
84 1820
84 1821
84 1822
84 1823
84 1824
84 1825
84 1826
84 1827
84 1828
84 1829
84 1830
84 1831
84 1832
84 1833
84 1834
84 1835
84 1836
85 1815
85 1816
85 1817
85 1818
85 1819
85 1820
85 1821
85 1822
85 1823
85 1824
85 1825
85 1826
85 1827
85 1828
85 1829
85 1830
85 1831
86 1813
86 1814
86 1815
86 1816
86 1817
86 1818
86 1819
86 1820
86 1821
86 1822
86 1823
86 1824
86 1825
87 1812
87 1813
87 1814
87 1815
87 1816
87 1817
87 1818
87 1819
87 1820
88 1811
88 1812
88 1813
88 1814
88 1815
88 1816
111 1782
112 1781
112 1782
113 1779
113 1780
113 1781
114 1778
114 1779
114 1780
115 1777
115 1778
115 1779
116 1776
116 1777
116 1778
117 1775
117 1776
117 1777
118 1774
118 1775
118 1776
119 1773
119 1774
119 1775
119 1776
120 1772
120 1773
120 1774
120 1775
121 1770
121 1771
121 1772
121 1773
121 1774
122 1769
122 1770
122 1771
122 1772
122 1773
123 1768
123 1769
123 1770
123 1771
123 1772
124 1767
124 1768
124 1769
124 1770
124 1771
125 1766
125 1767
125 1768
125 1769
125 1770
126 1765
126 1766
126 1767
126 1768
126 1769
127 1764
127 1765
127 1766
127 1767
127 1768
128 1764
128 1765
128 1766
128 1767
129 1763
129 1764
129 1765
129 1766
130 1762
130 1763
130 1764
130 1765
131 1761
131 1762
131 1763
131 1764
132 1760
132 1761
132 1762
132 1763
133 1759
133 1760
133 1761
133 1762
133 1763
134 1758
134 1759
134 1760
134 1761
134 1762
135 1757
135 1758
135 1759
135 1760
135 1761
136 1756
136 1757
136 1758
136 1759
136 1760
137 1755
137 1756
137 1757
137 1758
137 1759
138 1754
138 1755
138 1756
138 1757
138 1758
139 1753
139 1754
139 1755
139 1756
139 1757
140 1752
140 1753
140 1754
140 1755
140 1756
141 1751
141 1752
141 1753
141 1754
141 1755
142 1750
142 1751
142 1752
142 1753
142 1754
143 1749
143 1750
143 1751
143 1752
143 1753
144 1748
144 1749
144 1750
144 1751
144 1752
145 1747
145 1748
145 1749
145 1750
145 1751
146 1746
146 1747
146 1748
146 1749
146 1750
147 1745
147 1746
147 1747
147 1748
147 1749
148 1744
148 1745
148 1746
148 1747
148 1748
149 1743
149 1744
149 1745
149 1746
149 1747
150 1742
150 1743
150 1744
150 1745
150 1746
151 1741
151 1742
151 1743
151 1744
151 1745
151 1746
152 1740
152 1741
152 1742
152 1743
152 1744
152 1745
153 1739
153 1740
153 1741
153 1742
153 1743
153 1744
154 1738
154 1739
154 1740
154 1741
154 1742
154 1743
155 1737
155 1738
155 1739
155 1740
155 1741
155 1742
156 1736
156 1737
156 1738
156 1739
156 1740
156 1741
157 1735
157 1736
157 1737
157 1738
157 1739
157 1740
158 1735
158 1736
158 1737
158 1738
158 1739
159 1734
159 1735
159 1736
159 1737
159 1738
160 1733
160 1734
160 1735
160 1736
160 1737
161 1732
161 1733
161 1734
161 1735
161 1736
162 1731
162 1732
162 1733
162 1734
162 1735
163 1730
163 1731
163 1732
163 1733
163 1734
163 1735
164 1729
164 1730
164 1731
164 1732
164 1733
164 1734
165 1728
165 1729
165 1730
165 1731
165 1732
165 1733
166 1727
166 1728
166 1729
166 1730
166 1731
166 1732
167 1726
167 1727
167 1728
167 1729
167 1730
167 1731
168 1725
168 1726
168 1727
168 1728
168 1729
168 1730
169 1724
169 1725
169 1726
169 1727
169 1728
169 1729
170 1723
170 1724
170 1725
170 1726
170 1727
170 1728
171 1722
171 1723
171 1724
171 1725
171 1726
171 1727
172 1721
172 1722
172 1723
172 1724
172 1725
172 1726
173 1721
173 1722
173 1723
173 1724
173 1725
174 1720
174 1721
174 1722
174 1723
174 1724
174 1725
175 1719
175 1720
175 1721
175 1722
175 1723
175 1724
176 1718
176 1719
176 1720
176 1721
176 1722
176 1723
177 1717
177 1718
177 1719
177 1720
177 1721
177 1722
178 1716
178 1717
178 1718
178 1719
178 1720
178 1721
179 1714
179 1715
179 1716
179 1717
179 1718
179 1719
179 1720
180 1713
180 1714
180 1715
180 1716
180 1717
180 1718
180 1719
181 1712
181 1713
181 1714
181 1715
181 1716
181 1717
181 1718
182 1711
182 1712
182 1713
182 1714
182 1715
182 1716
182 1717
183 1710
183 1711
183 1712
183 1713
183 1714
183 1715
183 1716
184 1709
184 1710
184 1711
184 1712
184 1713
184 1714
184 1715
185 1708
185 1709
185 1710
185 1711
185 1712
185 1713
185 1714
186 1707
186 1708
186 1709
186 1710
186 1711
186 1712
187 1706
187 1707
187 1708
187 1709
187 1710
187 1711
188 1705
188 1706
188 1707
188 1708
188 1709
188 1710
189 1704
189 1705
189 1706
189 1707
189 1708
189 1709
190 1703
190 1704
190 1705
190 1706
190 1707
190 1708
191 1701
191 1702
191 1703
191 1704
191 1705
191 1706
191 1707
192 1700
192 1701
192 1702
192 1703
192 1704
192 1705
192 1706
193 1699
193 1700
193 1701
193 1702
193 1703
193 1704
193 1705
194 1698
194 1699
194 1700
194 1701
194 1702
194 1703
194 1704
195 1697
195 1698
195 1699
195 1700
195 1701
195 1702
195 1703
196 1696
196 1697
196 1698
196 1699
196 1700
196 1701
197 1695
197 1696
197 1697
197 1698
197 1699
197 1700
198 1693
198 1694
198 1695
198 1696
198 1697
198 1698
198 1699
199 1692
199 1693
199 1694
199 1695
199 1696
199 1697
199 1698
200 1691
200 1692
200 1693
200 1694
200 1695
200 1696
200 1697
201 1690
201 1691
201 1692
201 1693
201 1694
201 1695
201 1696
202 1689
202 1690
202 1691
202 1692
202 1693
202 1694
202 1695
203 1687
203 1688
203 1689
203 1690
203 1691
203 1692
203 1693
204 1686
204 1687
204 1688
204 1689
204 1690
204 1691
204 1692
205 1685
205 1686
205 1687
205 1688
205 1689
205 1690
205 1691
206 1684
206 1685
206 1686
206 1687
206 1688
206 1689
206 1690
207 1682
207 1683
207 1684
207 1685
207 1686
207 1687
207 1688
207 1689
208 1681
208 1682
208 1683
208 1684
208 1685
208 1686
208 1687
208 1688
209 1680
209 1681
209 1682
209 1683
209 1684
209 1685
209 1686
210 1679
210 1680
210 1681
210 1682
210 1683
210 1684
210 1685
211 1677
211 1678
211 1679
211 1680
211 1682
211 1683
211 1684
212 1676
212 1677
212 1678
212 1681
212 1682
212 1683
213 1675
213 1676
213 1677
213 1680
213 1681
213 1682
214 1673
214 1674
214 1675
214 1679
214 1680
214 1681
215 1672
215 1673
215 1674
215 1678
215 1679
215 1680
216 1670
216 1671
216 1672
216 1673
216 1677
216 1678
217 1669
217 1670
217 1671
217 1675
217 1676
217 1677
218 1667
218 1668
218 1669
218 1670
218 1674
218 1675
218 1676
219 1666
219 1667
219 1668
219 1673
219 1674
219 1675
220 1664
220 1665
220 1666
220 1667
220 1672
220 1673
220 1674
221 1663
221 1664
221 1665
221 1670
221 1671
221 1672
222 1661
222 1662
222 1663
222 1664
222 1669
222 1670
222 1671
223 1660
223 1661
223 1662
223 1667
223 1668
223 1669
223 1670
224 1658
224 1659
224 1660
224 1661
224 1666
224 1667
224 1668
225 1656
225 1657
225 1658
225 1659
225 1665
225 1666
225 1667
226 1654
226 1655
226 1656
226 1657
226 1663
226 1664
226 1665
227 1653
227 1654
227 1655
227 1656
227 1662
227 1663
227 1664
228 1651
228 1652
228 1653
228 1654
228 1660
228 1661
228 1662
228 1663
229 1649
229 1650
229 1651
229 1652
229 1659
229 1660
229 1661
230 1647
230 1648
230 1649
230 1650
230 1651
230 1657
230 1658
230 1659
230 1660
231 1645
231 1646
231 1647
231 1648
231 1649
231 1656
231 1657
231 1658
232 1644
232 1645
232 1646
232 1647
232 1654
232 1655
232 1656
232 1657
233 1642
233 1643
233 1644
233 1645
233 1653
233 1654
233 1655
233 1656
234 1640
234 1641
234 1642
234 1643
234 1644
234 1651
234 1652
234 1653
234 1654
235 1639
235 1640
235 1641
235 1642
235 1650
235 1651
235 1652
235 1653
236 1637
236 1638
236 1639
236 1640
236 1648
236 1649
236 1650
236 1651
237 1636
237 1637
237 1638
237 1639
237 1647
237 1648
237 1649
237 1650
238 1634
238 1635
238 1636
238 1637
238 1645
238 1646
238 1647
238 1648
239 1633
239 1634
239 1635
239 1644
239 1645
239 1646
239 1647
240 1631
240 1632
240 1633
240 1634
240 1642
240 1643
240 1644
240 1645
241 1630
241 1631
241 1632
241 1633
241 1641
241 1642
241 1643
241 1644
242 1628
242 1629
242 1630
242 1631
242 1639
242 1640
242 1641
242 1642
243 1627
243 1628
243 1629
243 1630
243 1638
243 1639
243 1640
243 1641
244 1626
244 1627
244 1628
244 1629
244 1636
244 1637
244 1638
244 1639
245 1624
245 1625
245 1626
245 1627
245 1628
245 1635
245 1636
245 1637
245 1638
246 1623
246 1624
246 1625
246 1626
246 1633
246 1634
246 1635
246 1636
247 1621
247 1622
247 1623
247 1624
247 1625
247 1632
247 1633
247 1634
247 1635
248 1620
248 1621
248 1622
248 1623
248 1624
248 1625
248 1630
248 1631
248 1632
248 1633
249 1618
249 1619
249 1620
249 1621
249 1622
249 1623
249 1624
249 1625
249 1626
249 1627
249 1628
249 1629
249 1630
249 1631
249 1632
250 1617
250 1618
250 1619
250 1620
250 1621
250 1622
250 1623
250 1624
250 1625
250 1626
250 1627
250 1628
250 1629
250 1630
251 1616
251 1617
251 1618
251 1619
251 1620
251 1621
251 1622
251 1623
251 1624
251 1625
251 1626
251 1627
251 1628
252 1616
252 1617
252 1618
252 1619
252 1620
252 1621
252 1622
252 1623
252 1624
252 1625
252 1626
253 1616
253 1617
253 1618
253 1619
253 1620
253 1621
253 1622
253 1623
253 1624
707 1500
707 1501
707 1502
707 1503
707 1504
707 1505
708 1497
708 1498
708 1499
708 1500
708 1501
708 1502
708 1503
708 1504
708 1505
708 1506
708 1507
709 1496
709 1497
709 1498
709 1499
709 1500
709 1501
709 1502
709 1503
709 1504
709 1505
709 1506
709 1507
710 1494
710 1495
710 1496
710 1497
710 1498
710 1499
710 1500
710 1501
710 1502
710 1503
710 1504
710 1505
710 1506
710 1507
711 1493
711 1494
711 1495
711 1496
711 1497
711 1498
711 1499
711 1500
711 1501
711 1502
711 1503
711 1504
711 1505
711 1506
711 1507
711 1508
712 1492
712 1493
712 1494
712 1495
712 1496
712 1497
712 1498
712 1499
712 1500
712 1501
712 1502
712 1503
712 1504
712 1505
712 1506
712 1507
712 1508
713 1490
713 1491
713 1492
713 1493
713 1494
713 1495
713 1496
713 1497
713 1502
713 1503
713 1504
713 1505
713 1506
713 1507
713 1508
714 1489
714 1490
714 1491
714 1492
714 1493
714 1494
714 1495
714 1503
714 1504
714 1505
714 1506
714 1507
714 1508
715 1488
715 1489
715 1490
715 1491
715 1492
715 1493
715 1503
715 1504
715 1505
715 1506
715 1507
716 1487
716 1488
716 1489
716 1490
716 1491
716 1492
716 1503
716 1504
716 1505
716 1506
716 1507
717 1486
717 1487
717 1488
717 1489
717 1490
717 1502
717 1503
717 1504
717 1505
717 1506
718 1485
718 1486
718 1487
718 1488
718 1489
718 1502
718 1503
718 1504
718 1505
718 1506
719 1483
719 1484
719 1485
719 1486
719 1487
719 1488
719 1501
719 1502
719 1503
719 1504
719 1505
720 1482
720 1483
720 1484
720 1485
720 1486
720 1500
720 1501
720 1502
720 1503
720 1504
721 1481
721 1482
721 1483
721 1484
721 1485
721 1499
721 1500
721 1501
721 1502
721 1503
722 1480
722 1481
722 1482
722 1483
722 1498
722 1499
722 1500
722 1501
722 1502
723 1479
723 1480
723 1481
723 1482
723 1497
723 1498
723 1499
723 1500
723 1501
724 1478
724 1479
724 1480
724 1481
724 1495
724 1496
724 1497
724 1498
724 1499
725 1477
725 1478
725 1479
725 1480
725 1494
725 1495
725 1496
725 1497
725 1498
726 1476
726 1477
726 1478
726 1492
726 1493
726 1494
726 1495
726 1496
727 1475
727 1476
727 1477
727 1490
727 1491
727 1492
727 1493
727 1494
727 1495
728 1474
728 1475
728 1476
728 1489
728 1490
728 1491
728 1492
728 1493
729 1473
729 1474
729 1475
729 1487
729 1488
729 1489
729 1490
729 1491
730 1472
730 1473
730 1474
730 1485
730 1486
730 1487
730 1488
730 1489
731 1471
731 1472
731 1473
731 1483
731 1484
731 1485
731 1486
731 1487
732 1470
732 1471
732 1472
732 1481
732 1482
732 1483
732 1484
732 1485
733 1469
733 1470
733 1471
733 1480
733 1481
733 1482
733 1483
734 1468
734 1469
734 1470
734 1478
734 1479
734 1480
734 1481
734 1482
735 1468
735 1469
735 1477
735 1478
735 1479
735 1480
736 1467
736 1468
736 1476
736 1477
736 1478
737 1466
737 1467
737 1474
737 1475
737 1476
737 1477
738 1465
738 1466
738 1473
738 1474
738 1475
739 1464
739 1465
739 1472
739 1473
739 1474
740 1463
740 1464
740 1471
740 1472
740 1473
741 1462
741 1463
741 1470
741 1471
742 1461
742 1462
742 1469
742 1470
743 1460
743 1461
743 1467
743 1468
743 1469
744 1459
744 1460
744 1466
744 1467
744 1468
745 1458
745 1459
745 1465
745 1466
745 1467
746 1457
746 1458
746 1464
746 1465
746 1466
747 1456
747 1457
747 1463
747 1464
747 1465
748 1455
748 1456
748 1462
748 1463
748 1464
749 1454
749 1455
749 1461
749 1462
749 1463
750 1453
750 1454
750 1460
750 1461
750 1462
751 1452
751 1453
751 1459
751 1460
751 1461
752 1451
752 1452
752 1458
752 1459
752 1460
753 1450
753 1451
753 1457
753 1458
753 1459
754 1449
754 1450
754 1456
754 1457
754 1458
755 1448
755 1449
755 1450
755 1455
755 1456
755 1457
756 1447
756 1448
756 1449
756 1454
756 1455
756 1456
757 1446
757 1447
757 1448
757 1454
757 1455
758 1446
758 1447
758 1453
758 1454
759 1445
759 1446
759 1452
759 1453
760 1444
760 1445
760 1451
760 1452
761 1443
761 1444
761 1450
761 1451
762 1442
762 1443
762 1449
762 1450
763 1441
763 1442
763 1448
763 1449
764 1440
764 1441
764 1447
764 1448
765 1439
765 1440
765 1446
765 1447
765 1448
766 1438
766 1439
766 1445
766 1446
766 1447
767 1437
767 1438
767 1445
767 1446
768 1436
768 1437
768 1444
768 1445
769 1435
769 1436
769 1443
769 1444
770 1434
770 1435
770 1442
770 1443
771 1433
771 1434
771 1441
771 1442
771 1443
772 1432
772 1433
772 1440
772 1441
772 1442
773 1431
773 1432
773 1440
773 1441
774 1430
774 1431
774 1439
774 1440
775 1429
775 1430
775 1431
775 1438
775 1439
776 1428
776 1429
776 1430
776 1437
776 1438
776 1439
777 1427
777 1428
777 1429
777 1437
777 1438
778 1426
778 1427
778 1428
778 1436
778 1437
779 1425
779 1426
779 1427
779 1435
779 1436
779 1437
780 1424
780 1425
780 1426
780 1435
780 1436
781 1424
781 1425
781 1426
781 1434
781 1435
781 1436
782 1423
782 1424
782 1425
782 1434
782 1435
783 1422
783 1423
783 1424
783 1433
783 1434
784 1421
784 1422
784 1423
784 1432
784 1433
784 1434
785 1420
785 1421
785 1422
785 1432
785 1433
786 1419
786 1420
786 1421
786 1422
786 1431
786 1432
786 1433
787 1418
787 1419
787 1420
787 1421
787 1430
787 1431
787 1432
788 1417
788 1418
788 1419
788 1420
788 1430
788 1431
789 1417
789 1418
789 1419
789 1429
789 1430
789 1431
790 1416
790 1417
790 1418
790 1428
790 1429
790 1430
791 1415
791 1416
791 1417
791 1428
791 1429
791 1430
792 1414
792 1415
792 1416
792 1417
792 1427
792 1428
792 1429
793 1413
793 1414
793 1415
793 1416
793 1426
793 1427
793 1428
794 1412
794 1413
794 1414
794 1415
794 1426
794 1427
794 1428
795 1411
795 1412
795 1413
795 1414
795 1415
795 1425
795 1426
795 1427
796 1411
796 1412
796 1413
796 1414
796 1424
796 1425
796 1426
797 1410
797 1411
797 1412
797 1413
797 1414
797 1423
797 1424
797 1425
798 1409
798 1410
798 1411
798 1412
798 1413
798 1422
798 1423
798 1424
798 1425
799 1409
799 1410
799 1411
799 1412
799 1413
799 1420
799 1421
799 1422
799 1423
799 1424
800 1409
800 1410
800 1411
800 1412
800 1413
800 1414
800 1418
800 1419
800 1420
800 1421
800 1422
800 1423
801 1409
801 1410
801 1411
801 1412
801 1413
801 1414
801 1415
801 1416
801 1417
801 1418
801 1419
801 1420
801 1421
801 1422
802 1409
802 1410
802 1411
802 1412
802 1413
802 1414
802 1415
802 1416
802 1417
802 1418
802 1419
802 1420
803 1409
803 1410
803 1411
803 1412
803 1413
803 1414
803 1415
803 1416
803 1417
803 1418
803 1419
804 1411
804 1412
804 1413
804 1414
804 1415
804 1416
2497 3866
2498 3865
2498 3866
2498 3867
2499 3864
2499 3865
2499 3866
2499 3867
2500 3864
2500 3865
2500 3866
2500 3867
2501 3863
2501 3864
2501 3865
2501 3866
2501 3867
2502 3863
2502 3864
2502 3865
2502 3866
2502 3867
2502 3868
2503 3863
2503 3864
2503 3865
2503 3866
2503 3867
2503 3868
2504 3863
2504 3864
2504 3865
2504 3866
2504 3867
2504 3868
2505 3862
2505 3863
2505 3864
2505 3865
2505 3866
2505 3867
2505 3868
2506 3862
2506 3863
2506 3864
2506 3865
2506 3866
2506 3867
2506 3868
2507 3862
2507 3863
2507 3864
2507 3866
2507 3867
2507 3868
2508 3862
2508 3863
2508 3864
2508 3867
2508 3868
2508 3869
2509 3862
2509 3863
2509 3867
2509 3868
2509 3869
2510 3862
2510 3863
2510 3867
2510 3868
2510 3869
2511 3862
2511 3863
2511 3868
2511 3869
2512 3862
2512 3863
2512 3868
2512 3869
2513 3862
2513 3863
2513 3868
2513 3869
2514 3861
2514 3862
2514 3863
2514 3868
2514 3869
2515 3861
2515 3862
2515 3868
2515 3869
2516 3861
2516 3862
2516 3869
2517 3861
2517 3862
2517 3869
2517 3870
2518 3862
2518 3869
2518 3870
2519 3862
2519 3869
2519 3870
2520 3862
2520 3869
2520 3870
2521 3862
2521 3863
2521 3869
2521 3870
2522 3862
2522 3863
2522 3869
2522 3870
2523 3862
2523 3863
2523 3869
2523 3870
2524 3862
2524 3863
2524 3869
2524 3870
2525 3862
2525 3863
2525 3869
2525 3870
2526 3862
2526 3863
2526 3869
2526 3870
2527 3862
2527 3863
2527 3869
2527 3870
2528 3863
2528 3864
2528 3869
2528 3870
2529 3863
2529 3864
2529 3869
2529 3870
2530 3863
2530 3864
2530 3865
2530 3869
2530 3870
2531 3863
2531 3864
2531 3865
2531 3868
2531 3869
2531 3870
2532 3864
2532 3865
2532 3866
2532 3867
2532 3868
2532 3869
2532 3870
2533 3864
2533 3865
2533 3866
2533 3867
2533 3868
2533 3869
2533 3870
2534 3865
2534 3866
2534 3867
2534 3868
2534 3869
2534 3870
2535 3865
2535 3866
2535 3867
2535 3868
2535 3869
2536 3866
2536 3867
2536 3868
3992 4042
3993 4043
3994 4044
3995 4045
3996 4046
3997 4047
