0 831
0 837
1 832
1 838
2 833
2 839
3 834
3 839
3 840
4 834
4 835
4 840
4 841
5 835
5 836
5 841
5 842
6 836
6 837
6 842
6 843
7 837
7 838
7 843
8 838
8 844
9 839
9 845
10 840
10 846
11 841
11 846
11 847
12 841
12 842
12 847
12 848
13 842
13 843
13 848
13 849
14 843
14 844
14 849
14 850
15 844
15 845
15 850
16 845
16 851
17 846
17 852
18 847
18 853
19 848
19 854
20 848
20 849
20 854
20 855
21 849
21 850
21 855
21 856
22 850
22 851
22 856
22 857
23 851
23 852
23 857
23 858
24 852
24 853
24 858
24 859
25 853
25 859
26 854
26 860
27 855
27 861
28 856
28 862
29 856
29 857
29 863
30 857
30 858
30 863
30 864
31 858
31 859
31 864
31 865
32 859
32 860
32 865
32 866
33 860
33 861
33 866
33 867
34 861
34 862
34 867
34 868
35 862
35 868
35 869
36 863
36 869
36 870
37 864
37 870
38 865
38 871
39 866
39 872
40 867
40 873
41 867
41 868
41 874
42 868
42 869
42 875
43 869
43 870
43 876
44 870
44 871
44 876
44 877
45 871
45 872
45 877
45 878
46 872
46 873
46 878
46 879
47 873
47 874
47 879
47 880
48 874
48 875
48 880
48 881
49 875
49 876
49 881
49 882
50 876
50 882
50 883
51 877
51 883
51 884
52 878
52 884
52 885
53 879
53 885
53 886
54 880
54 886
54 887
55 881
55 887
55 888
56 882
56 888
56 889
57 883
57 889
57 890
58 883
58 884
58 890
58 891
59 884
59 885
59 891
59 892
60 885
60 886
60 892
60 893
61 886
61 887
61 893
61 894
62 887
62 888
62 894
62 895
63 888
63 889
63 895
63 896
64 889
64 890
64 896
64 897
65 890
65 891
65 897
65 898
66 891
66 892
66 898
66 899
67 892
67 893
67 899
67 900
68 893
68 894
68 900
68 901
69 894
69 895
69 901
69 902
70 895
70 896
70 902
70 903
71 896
71 897
71 903
71 904
72 897
72 898
72 904
72 905
73 898
73 899
73 906
74 899
74 900
74 907
75 900
75 901
75 908
75 909
76 901
76 902
76 909
76 910
77 902
77 903
77 910
77 911
78 903
78 904
78 911
78 912
79 905
79 912
79 913
80 906
80 913
80 914
81 907
81 908
81 914
81 915
82 908
82 909
82 915
82 916
83 909
83 910
83 916
83 917
84 910
84 911
84 917
84 918
85 911
85 912
85 918
85 919
86 912
86 913
86 920
87 913
87 914
87 921
88 914
88 915
88 922
89 916
89 917
89 923
89 924
90 917
90 918
90 924
90 925
91 918
91 919
91 925
91 926
92 919
92 920
92 926
92 927
93 920
93 921
93 927
93 928
94 921
94 922
94 928
94 929
95 922
95 923
95 929
95 930
96 924
96 925
96 930
96 931
97 925
97 926
97 931
97 932
98 926
98 927
98 932
98 933
99 927
99 928
99 933
99 934
100 928
100 929
100 934
100 935
101 929
101 930
101 935
101 936
102 930
102 931
102 936
102 937
103 931
103 932
103 937
103 938
104 932
104 933
104 938
104 939
105 933
105 934
105 939
105 940
106 934
106 935
106 940
106 941
107 935
107 936
107 941
107 942
108 936
108 937
108 942
108 943
109 937
109 938
109 943
109 944
110 938
110 939
110 944
110 945
111 939
111 940
111 945
111 946
112 940
112 941
112 946
112 947
113 941
113 942
113 947
113 948
114 942
114 943
114 948
114 949
115 943
115 944
115 949
115 950
116 944
116 945
116 950
116 951
117 945
117 946
117 951
117 952
118 946
118 947
118 952
118 953
119 947
119 948
119 953
120 948
120 949
120 954
121 949
121 955
122 950
122 956
123 951
123 957
124 952
124 958
125 953
125 958
125 959
126 954
126 959
126 960
127 955
127 960
127 961
128 955
128 956
128 961
129 956
129 957
129 962
130 957
130 958
130 963
131 958
131 959
131 964
132 959
132 965
133 960
133 965
133 966
134 961
134 966
134 967
135 962
135 967
135 968
136 963
136 968
137 963
137 964
137 969
138 964
138 965
138 970
139 965
139 966
139 971
140 966
140 972
141 967
141 972
141 973
142 968
142 973
142 974
143 969
143 974
143 975
144 970
144 975
144 976
145 970
145 971
145 976
146 971
146 972
146 977
147 972
147 973
147 978
148 973
148 979
149 974
149 980
150 975
150 980
150 981
151 976
151 981
151 982
152 977
152 982
152 983
153 978
153 983
153 984
154 978
154 979
154 984
154 985
155 979
155 980
155 985
156 980
156 981
156 986
157 981
157 987
158 982
158 988
159 983
159 989
160 984
160 990
161 985
161 990
161 991
162 985
162 986
162 991
162 992
163 986
163 987
163 992
163 993
164 987
164 988
164 993
164 994
165 988
165 989
165 994
166 989
166 995
167 990
167 996
168 991
168 997
169 992
169 998
170 992
170 993
170 998
170 999
171 993
171 994
171 999
171 1000
172 994
172 995
172 1000
172 1001
173 995
173 1001
173 1002
174 996
174 1002
175 997
175 1003
176 997
176 998
176 1004
177 998
177 999
177 1004
177 1005
178 999
178 1000
178 1005
178 1006
179 1000
179 1006
179 1007
180 1001
180 1007
180 1008
181 1001
181 1002
181 1008
181 1009
182 1002
182 1003
182 1009
182 1010
183 1003
183 1010
184 1004
184 1010
184 1011
185 1004
185 1005
185 1011
185 1012
186 1005
186 1006
186 1012
186 1013
187 1006
187 1007
187 1013
187 1014
188 1007
188 1014
188 1015
189 1007
189 1008
189 1015
189 1016
190 1008
190 1009
190 1016
190 1017
191 1009
191 1010
191 1017
191 1018
192 1009
192 1010
192 1018
192 1019
193 1010
193 1011
193 1019
193 1020
194 1011
194 1012
194 1019
194 1020
194 1021
195 1012
195 1013
195 1020
195 1021
195 1022
196 1012
196 1013
196 1021
196 1022
196 1023
197 1013
197 1014
197 1022
197 1023
197 1024
198 1014
198 1015
198 1023
198 1024
198 1025
199 1014
199 1015
199 1016
199 1024
199 1025
199 1026
200 1015
200 1016
200 1025
200 1026
200 1027
201 1016
201 1017
201 1026
201 1027
201 1028
202 1017
202 1018
202 1027
202 1028
202 1029
203 1018
203 1019
203 1028
203 1029
203 1030
204 1018
204 1019
204 1020
204 1029
204 1030
205 1019
205 1020
205 1021
205 1030
205 1031
206 1020
206 1021
206 1022
206 1031
206 1032
207 1021
207 1022
207 1023
207 1032
207 1033
208 1022
208 1023
208 1024
208 1033
208 1034
209 1023
209 1024
209 1025
209 1033
209 1034
209 1035
210 1024
210 1025
210 1034
210 1035
210 1036
211 1025
211 1026
211 1035
211 1036
211 1037
212 1026
212 1027
212 1036
212 1037
212 1038
213 1027
213 1028
213 1037
213 1038
213 1039
214 1027
214 1028
214 1029
214 1038
214 1039
214 1040
215 1028
215 1029
215 1030
215 1039
215 1040
215 1041
216 1029
216 1030
216 1031
216 1040
216 1041
216 1042
217 1030
217 1031
217 1032
217 1041
217 1042
217 1043
218 1031
218 1032
218 1033
218 1042
218 1043
219 1032
219 1033
219 1034
219 1043
219 1044
220 1033
220 1034
220 1035
220 1044
220 1045
221 1034
221 1035
221 1036
221 1045
221 1046
222 1035
222 1036
222 1037
222 1046
222 1047
223 1036
223 1037
223 1038
223 1047
223 1048
224 1037
224 1038
224 1039
224 1048
224 1049
225 1038
225 1039
225 1040
225 1049
225 1050
226 1039
226 1040
226 1041
226 1050
226 1051
227 1040
227 1041
227 1042
227 1051
227 1052
228 1041
228 1042
228 1043
228 1051
228 1052
228 1053
229 1042
229 1043
229 1044
229 1052
229 1053
229 1054
230 1043
230 1044
230 1045
230 1053
230 1054
230 1055
231 1045
231 1046
231 1054
231 1055
231 1056
232 1046
232 1047
232 1055
232 1056
232 1057
233 1047
233 1048
233 1056
233 1057
233 1058
234 1048
234 1049
234 1057
234 1058
234 1059
235 1049
235 1050
235 1058
235 1059
235 1060
236 1050
236 1051
236 1059
236 1060
236 1061
237 1051
237 1052
237 1060
237 1061
238 1052
238 1053
238 1061
238 1062
239 1053
239 1054
239 1062
239 1063
240 1054
240 1055
240 1063
240 1064
241 1055
241 1056
241 1064
241 1065
242 1056
242 1057
242 1065
242 1066
243 1057
243 1058
243 1066
243 1067
244 1058
244 1059
244 1067
244 1068
245 1059
245 1060
245 1068
245 1069
246 1060
246 1061
246 1069
246 1070
247 1061
247 1062
247 1069
247 1070
247 1071
248 1062
248 1063
248 1070
248 1071
249 1063
249 1064
249 1071
249 1072
250 1064
250 1065
250 1072
250 1073
251 1065
251 1066
251 1073
251 1074
252 1065
252 1066
252 1067
252 1074
252 1075
253 1066
253 1067
253 1068
253 1075
253 1076
254 1067
254 1068
254 1076
254 1077
255 1068
255 1069
255 1077
255 1078
256 1069
256 1070
256 1078
256 1079
257 1070
257 1071
257 1079
257 1080
258 1071
258 1072
258 1079
258 1080
258 1081
259 1072
259 1073
259 1080
259 1081
259 1082
260 1073
260 1074
260 1081
260 1082
260 1083
261 1074
261 1075
261 1082
261 1083
262 1074
262 1075
262 1076
262 1083
262 1084
263 1075
263 1076
263 1084
263 1085
264 1076
264 1077
264 1085
264 1086
265 1077
265 1078
265 1086
265 1087
266 1078
266 1079
266 1087
266 1088
267 1078
267 1079
267 1080
267 1087
267 1088
267 1089
268 1079
268 1080
268 1088
268 1089
268 1090
269 1080
269 1081
269 1089
269 1090
269 1091
270 1081
270 1082
270 1090
270 1091
271 1081
271 1082
271 1083
271 1091
271 1092
272 1082
272 1083
272 1091
272 1092
272 1093
273 1083
273 1084
273 1092
273 1093
273 1094
274 1083
274 1084
274 1085
274 1093
274 1094
275 1084
275 1085
275 1094
275 1095
276 1085
276 1086
276 1094
276 1095
276 1096
277 1085
277 1086
277 1087
277 1095
277 1096
277 1097
278 1086
278 1087
278 1096
278 1097
279 1087
279 1088
279 1096
279 1097
279 1098
280 1087
280 1088
280 1089
280 1097
280 1098
280 1099
281 1088
281 1089
281 1098
281 1099
282 1089
282 1090
282 1098
282 1099
282 1100
283 1089
283 1090
283 1091
283 1099
283 1100
284 1090
284 1091
284 1099
284 1100
285 1090
285 1091
285 1092
285 1100
286 1091
286 1092
286 1093
286 1100
287 1092
287 1093
287 1100
288 1092
288 1093
288 1094
288 1100
289 1093
289 1094
289 1095
289 1100
290 1093
290 1094
290 1095
290 1096
290 1097
290 1100
291 1094
291 1095
291 1096
291 1097
291 1098
291 1099
291 1100
292 1095
292 1096
292 1097
292 1098
292 1099
292 1100
293 1096
293 1097
293 1098
293 1099
293 1100
294 1097
294 1098
294 1099
294 1100
295 1098
295 1099
295 1100
