56 1841
56 1842
56 1843
56 1844
57 1839
57 1840
57 1841
57 1842
57 1843
57 1844
57 1845
57 1846
58 1837
58 1838
58 1839
58 1840
58 1841
58 1842
58 1843
58 1844
58 1845
58 1846
58 1847
58 1848
59 1835
59 1836
59 1837
59 1838
59 1839
59 1840
59 1841
59 1842
59 1843
59 1844
59 1845
59 1846
59 1847
59 1848
59 1849
60 1834
60 1835
60 1836
60 1837
60 1838
60 1839
60 1840
60 1841
60 1842
60 1843
60 1844
60 1845
60 1846
60 1847
60 1848
60 1849
60 1850
61 1833
61 1834
61 1835
61 1836
61 1837
61 1838
61 1839
61 1840
61 1841
61 1842
61 1843
61 1844
61 1845
61 1846
61 1847
61 1848
61 1849
61 1850
62 1832
62 1833
62 1834
62 1835
62 1836
62 1837
62 1838
62 1839
62 1840
62 1841
62 1842
62 1843
62 1844
62 1845
62 1846
62 1847
62 1848
62 1849
62 1850
62 1851
63 1830
63 1831
63 1832
63 1833
63 1834
63 1835
63 1836
63 1837
63 1838
63 1839
63 1840
63 1847
63 1848
63 1849
63 1850
63 1851
63 1852
64 1829
64 1830
64 1831
64 1832
64 1833
64 1834
64 1835
64 1836
64 1837
64 1848
64 1849
64 1850
64 1851
64 1852
65 1828
65 1829
65 1830
65 1831
65 1832
65 1833
65 1834
65 1835
65 1850
65 1851
65 1852
65 1853
66 1827
66 1828
66 1829
66 1830
66 1831
66 1832
66 1833
66 1834
66 1851
66 1852
66 1853
67 1825
67 1826
67 1827
67 1828
67 1829
67 1830
67 1831
67 1832
67 1851
67 1852
67 1853
67 1854
68 1824
68 1825
68 1826
68 1827
68 1828
68 1829
68 1830
68 1831
68 1852
68 1853
68 1854
69 1823
69 1824
69 1825
69 1826
69 1827
69 1828
69 1829
69 1853
69 1854
69 1855
70 1822
70 1823
70 1824
70 1825
70 1826
70 1827
70 1853
70 1854
70 1855
71 1820
71 1821
71 1822
71 1823
71 1824
71 1825
71 1826
71 1853
71 1854
71 1855
72 1819
72 1820
72 1821
72 1822
72 1823
72 1824
72 1854
72 1855
73 1817
73 1818
73 1819
73 1820
73 1821
73 1822
73 1823
73 1854
73 1855
74 1816
74 1817
74 1818
74 1819
74 1820
74 1821
74 1854
74 1855
75 1815
75 1816
75 1817
75 1818
75 1819
75 1820
75 1854
75 1855
76 1813
76 1814
76 1815
76 1816
76 1817
76 1818
76 1854
76 1855
77 1812
77 1813
77 1814
77 1815
77 1816
77 1853
77 1854
77 1855
78 1811
78 1812
78 1813
78 1814
78 1815
78 1853
78 1854
78 1855
79 1810
79 1811
79 1812
79 1813
79 1852
79 1853
79 1854
80 1808
80 1809
80 1810
80 1811
80 1812
80 1852
80 1853
80 1854
81 1807
81 1808
81 1809
81 1810
81 1851
81 1852
81 1853
82 1806
82 1807
82 1808
82 1809
82 1850
82 1851
82 1852
83 1805
83 1806
83 1807
83 1808
83 1848
83 1849
83 1850
83 1851
84 1804
84 1805
84 1806
84 1847
84 1848
84 1849
84 1850
85 1803
85 1804
85 1805
85 1845
85 1846
85 1847
85 1848
85 1849
86 1802
86 1803
86 1804
86 1843
86 1844
86 1845
86 1846
86 1847
87 1800
87 1801
87 1802
87 1803
87 1840
87 1841
87 1842
87 1843
87 1844
87 1845
88 1799
88 1800
88 1801
88 1802
88 1836
88 1837
88 1838
88 1839
88 1840
88 1841
88 1842
88 1843
89 1798
89 1799
89 1800
89 1801
89 1832
89 1833
89 1834
89 1835
89 1836
89 1837
89 1838
89 1839
89 1840
90 1797
90 1798
90 1799
90 1828
90 1829
90 1830
90 1831
90 1832
90 1833
90 1834
90 1835
90 1836
90 1837
91 1796
91 1797
91 1798
91 1824
91 1825
91 1826
91 1827
91 1828
91 1829
91 1830
91 1831
91 1832
91 1833
92 1795
92 1796
92 1797
92 1820
92 1821
92 1822
92 1823
92 1824
92 1825
92 1826
92 1827
92 1828
93 1794
93 1795
93 1796
93 1817
93 1818
93 1819
93 1820
93 1821
93 1822
93 1823
93 1824
94 1793
94 1794
94 1795
94 1814
94 1815
94 1816
94 1817
94 1818
94 1819
94 1820
95 1792
95 1793
95 1794
95 1811
95 1812
95 1813
95 1814
95 1815
95 1816
95 1817
96 1791
96 1792
96 1793
96 1809
96 1810
96 1811
96 1812
96 1813
96 1814
97 1790
97 1791
97 1792
97 1807
97 1808
97 1809
97 1810
97 1811
98 1789
98 1790
98 1791
98 1805
98 1806
98 1807
98 1808
98 1809
99 1788
99 1789
99 1790
99 1791
99 1803
99 1804
99 1805
99 1806
99 1807
100 1787
100 1788
100 1789
100 1802
100 1803
100 1804
100 1805
101 1786
101 1787
101 1788
101 1801
101 1802
101 1803
101 1804
102 1785
102 1786
102 1799
102 1800
102 1801
102 1802
103 1783
103 1784
103 1785
103 1798
103 1799
103 1800
103 1801
104 1782
104 1783
104 1784
104 1797
104 1798
104 1799
105 1781
105 1782
105 1783
105 1796
105 1797
105 1798
106 1780
106 1781
106 1795
106 1796
106 1797
107 1779
107 1780
107 1793
107 1794
107 1795
108 1778
108 1779
108 1792
108 1793
108 1794
109 1777
109 1778
109 1791
109 1792
109 1793
110 1776
110 1777
110 1790
110 1791
110 1792
111 1775
111 1776
111 1789
111 1790
111 1791
112 1774
112 1775
112 1788
112 1789
113 1773
113 1774
113 1787
113 1788
114 1772
114 1773
114 1786
114 1787
115 1771
115 1772
115 1785
115 1786
116 1770
116 1771
116 1784
116 1785
117 1769
117 1770
117 1782
117 1783
117 1784
118 1768
118 1769
118 1781
118 1782
118 1783
119 1767
119 1768
119 1780
119 1781
119 1782
120 1766
120 1767
120 1779
120 1780
120 1781
121 1765
121 1766
121 1778
121 1779
121 1780
122 1764
122 1765
122 1777
122 1778
122 1779
123 1763
123 1764
123 1777
123 1778
124 1762
124 1763
124 1776
124 1777
125 1761
125 1762
125 1775
125 1776
126 1760
126 1761
126 1774
126 1775
127 1759
127 1760
127 1773
127 1774
128 1758
128 1759
128 1772
128 1773
129 1757
129 1758
129 1771
129 1772
130 1757
130 1770
130 1771
131 1756
131 1769
131 1770
132 1755
132 1768
132 1769
133 1754
133 1755
133 1767
133 1768
134 1753
134 1754
134 1766
134 1767
135 1752
135 1753
135 1765
135 1766
136 1751
136 1752
136 1764
136 1765
137 1750
137 1751
137 1763
137 1764
138 1749
138 1750
138 1762
138 1763
139 1748
139 1749
139 1761
139 1762
140 1747
140 1748
140 1760
140 1761
141 1746
141 1747
141 1759
141 1760
142 1745
142 1746
142 1758
142 1759
143 1744
143 1745
143 1757
143 1758
144 1743
144 1744
144 1756
144 1757
145 1742
145 1743
145 1755
145 1756
146 1741
146 1742
146 1754
146 1755
147 1740
147 1741
147 1753
147 1754
148 1739
148 1740
148 1752
148 1753
149 1738
149 1739
149 1751
149 1752
150 1737
150 1738
150 1750
150 1751
151 1737
151 1749
151 1750
152 1736
152 1749
153 1735
153 1748
154 1734
154 1747
155 1733
155 1746
156 1732
156 1733
156 1745
156 1746
157 1731
157 1732
157 1744
157 1745
158 1730
158 1731
158 1743
158 1744
159 1729
159 1730
159 1742
159 1743
160 1728
160 1729
160 1741
160 1742
161 1727
161 1728
161 1740
161 1741
162 1726
162 1727
162 1739
162 1740
163 1725
163 1726
163 1738
163 1739
164 1725
164 1738
165 1724
165 1737
166 1723
166 1736
167 1722
167 1735
168 1721
168 1734
168 1735
169 1720
169 1721
169 1733
169 1734
170 1719
170 1720
170 1732
170 1733
171 1718
171 1719
171 1731
171 1732
172 1717
172 1718
172 1730
172 1731
173 1716
173 1717
173 1729
173 1730
174 1715
174 1716
174 1728
174 1729
175 1714
175 1715
175 1727
175 1728
176 1713
176 1714
176 1726
176 1727
177 1712
177 1713
177 1725
177 1726
178 1711
178 1712
178 1724
178 1725
179 1710
179 1711
179 1723
179 1724
180 1709
180 1722
180 1723
181 1708
181 1721
181 1722
182 1706
182 1707
182 1720
182 1721
183 1705
183 1706
183 1719
183 1720
184 1704
184 1705
184 1718
184 1719
185 1703
185 1704
185 1717
185 1718
186 1702
186 1703
186 1716
186 1717
187 1701
187 1702
187 1715
187 1716
188 1700
188 1701
188 1714
188 1715
189 1699
189 1700
189 1713
189 1714
190 1697
190 1698
190 1712
190 1713
191 1696
191 1697
191 1711
191 1712
192 1695
192 1696
192 1710
192 1711
193 1694
193 1695
193 1709
193 1710
194 1693
194 1694
194 1708
194 1709
195 1692
195 1693
195 1707
195 1708
196 1690
196 1691
196 1706
196 1707
197 1689
197 1690
197 1705
198 1688
198 1689
198 1703
198 1704
199 1687
199 1688
199 1702
199 1703
200 1685
200 1686
200 1687
200 1701
200 1702
201 1684
201 1685
201 1700
201 1701
202 1683
202 1684
202 1699
202 1700
203 1682
203 1683
203 1698
203 1699
204 1681
204 1682
204 1697
204 1698
205 1679
205 1680
205 1695
205 1696
206 1678
206 1679
206 1694
206 1695
207 1677
207 1678
207 1693
207 1694
208 1675
208 1676
208 1677
208 1692
208 1693
209 1674
209 1675
209 1691
209 1692
210 1673
210 1674
210 1690
210 1691
211 1671
211 1672
211 1673
211 1688
211 1689
212 1670
212 1671
212 1687
212 1688
213 1668
213 1669
213 1670
213 1686
213 1687
214 1667
214 1668
214 1685
214 1686
215 1665
215 1666
215 1667
215 1684
215 1685
216 1664
216 1665
216 1683
216 1684
217 1662
217 1663
217 1664
217 1682
217 1683
218 1661
218 1662
218 1680
218 1681
219 1659
219 1660
219 1661
219 1679
219 1680
220 1657
220 1658
220 1659
220 1678
220 1679
221 1655
221 1656
221 1657
221 1677
221 1678
222 1653
222 1654
222 1655
222 1656
222 1675
222 1676
222 1677
223 1652
223 1653
223 1654
223 1674
223 1675
224 1650
224 1651
224 1652
224 1673
224 1674
225 1647
225 1648
225 1649
225 1650
225 1672
225 1673
226 1645
226 1646
226 1647
226 1648
226 1670
226 1671
226 1672
227 1643
227 1644
227 1645
227 1646
227 1669
227 1670
228 1642
228 1643
228 1644
228 1668
228 1669
229 1640
229 1641
229 1642
229 1666
229 1667
229 1668
230 1638
230 1639
230 1640
230 1641
230 1665
230 1666
230 1667
231 1636
231 1637
231 1638
231 1639
231 1664
231 1665
232 1635
232 1636
232 1637
232 1663
232 1664
233 1633
233 1634
233 1635
233 1661
233 1662
233 1663
234 1632
234 1633
234 1634
234 1660
234 1661
234 1662
235 1630
235 1631
235 1632
235 1633
235 1659
235 1660
235 1661
236 1629
236 1630
236 1631
236 1657
236 1658
236 1659
237 1627
237 1628
237 1629
237 1630
237 1656
237 1657
237 1658
238 1625
238 1626
238 1627
238 1628
238 1655
238 1656
238 1657
239 1624
239 1625
239 1626
239 1627
239 1653
239 1654
239 1655
240 1622
240 1623
240 1624
240 1625
240 1652
240 1653
240 1654
241 1620
241 1621
241 1622
241 1623
241 1650
241 1651
241 1652
241 1653
242 1618
242 1619
242 1620
242 1621
242 1622
242 1649
242 1650
242 1651
243 1615
243 1616
243 1617
243 1618
243 1619
243 1620
243 1647
243 1648
243 1649
243 1650
244 1613
244 1614
244 1615
244 1616
244 1617
244 1618
244 1646
244 1647
244 1648
245 1611
245 1612
245 1613
245 1614
245 1615
245 1616
245 1644
245 1645
245 1646
245 1647
246 1608
246 1609
246 1610
246 1611
246 1612
246 1613
246 1614
246 1642
246 1643
246 1644
246 1645
247 1605
247 1606
247 1607
247 1608
247 1609
247 1610
247 1611
247 1612
247 1641
247 1642
247 1643
248 1603
248 1604
248 1605
248 1606
248 1607
248 1608
248 1609
248 1610
248 1639
248 1640
248 1641
248 1642
249 1601
249 1602
249 1603
249 1604
249 1605
249 1606
249 1607
249 1608
249 1638
249 1639
249 1640
250 1599
250 1600
250 1601
250 1602
250 1603
250 1604
250 1605
250 1606
250 1636
250 1637
250 1638
250 1639
251 1598
251 1599
251 1600
251 1601
251 1602
251 1603
251 1604
251 1635
251 1636
251 1637
252 1597
252 1598
252 1599
252 1600
252 1601
252 1602
252 1603
252 1633
252 1634
252 1635
252 1636
253 1596
253 1597
253 1598
253 1599
253 1600
253 1601
253 1602
253 1632
253 1633
253 1634
254 1595
254 1596
254 1597
254 1598
254 1599
254 1600
254 1601
254 1602
254 1630
254 1631
254 1632
254 1633
255 1595
255 1596
255 1597
255 1598
255 1599
255 1600
255 1601
255 1602
255 1628
255 1629
255 1630
255 1631
256 1595
256 1596
256 1597
256 1598
256 1599
256 1600
256 1601
256 1602
256 1626
256 1627
256 1628
256 1629
257 1596
257 1597
257 1598
257 1599
257 1600
257 1601
257 1602
257 1603
257 1624
257 1625
257 1626
257 1627
258 1596
258 1597
258 1598
258 1599
258 1600
258 1601
258 1602
258 1603
258 1604
258 1605
258 1606
258 1620
258 1621
258 1622
258 1623
258 1624
258 1625
259 1598
259 1599
259 1600
259 1601
259 1602
259 1603
259 1604
259 1605
259 1606
259 1607
259 1608
259 1609
259 1610
259 1611
259 1612
259 1613
259 1614
259 1615
259 1616
259 1617
259 1618
259 1619
259 1620
259 1621
259 1622
259 1623
260 1600
260 1601
260 1602
260 1603
260 1604
260 1605
260 1606
260 1607
260 1608
260 1609
260 1610
260 1611
260 1612
260 1613
260 1614
260 1615
260 1616
260 1617
260 1618
260 1619
260 1620
261 1604
261 1605
261 1606
261 1607
261 1608
261 1609
261 1610
261 1611
261 1612
261 1613
261 1614
261 1615
261 1616
694 1500
694 1501
694 1502
694 1503
694 1504
694 1505
694 1506
694 1507
694 1508
695 1497
695 1498
695 1499
695 1500
695 1501
695 1502
695 1503
695 1504
695 1505
695 1506
695 1507
695 1508
695 1509
695 1510
695 1511
696 1495
696 1496
696 1497
696 1498
696 1499
696 1500
696 1501
696 1502
696 1503
696 1504
696 1505
696 1506
696 1507
696 1508
696 1509
696 1510
696 1511
696 1512
697 1493
697 1494
697 1495
697 1496
697 1497
697 1498
697 1499
697 1500
697 1501
697 1502
697 1503
697 1504
697 1505
697 1506
697 1507
697 1508
697 1509
697 1510
697 1511
697 1512
697 1513
698 1492
698 1493
698 1494
698 1495
698 1496
698 1497
698 1498
698 1499
698 1500
698 1501
698 1502
698 1503
698 1504
698 1505
698 1506
698 1507
698 1508
698 1509
698 1510
698 1511
698 1512
698 1513
698 1514
699 1491
699 1492
699 1493
699 1494
699 1495
699 1496
699 1497
699 1498
699 1499
699 1509
699 1510
699 1511
699 1512
699 1513
699 1514
699 1515
700 1489
700 1490
700 1491
700 1492
700 1493
700 1494
700 1495
700 1496
700 1497
700 1511
700 1512
700 1513
700 1514
700 1515
700 1516
701 1488
701 1489
701 1490
701 1491
701 1492
701 1493
701 1494
701 1495
701 1512
701 1513
701 1514
701 1515
701 1516
702 1487
702 1488
702 1489
702 1490
702 1491
702 1492
702 1493
702 1513
702 1514
702 1515
702 1516
702 1517
703 1486
703 1487
703 1488
703 1489
703 1490
703 1491
703 1492
703 1514
703 1515
703 1516
703 1517
704 1485
704 1486
704 1487
704 1488
704 1489
704 1490
704 1514
704 1515
704 1516
704 1517
705 1484
705 1485
705 1486
705 1487
705 1488
705 1489
705 1515
705 1516
705 1517
706 1484
706 1485
706 1486
706 1487
706 1488
706 1515
706 1516
706 1517
706 1518
707 1483
707 1484
707 1485
707 1486
707 1487
707 1515
707 1516
707 1517
707 1518
708 1482
708 1483
708 1484
708 1485
708 1486
708 1515
708 1516
708 1517
708 1518
709 1481
709 1482
709 1483
709 1484
709 1485
709 1515
709 1516
709 1517
709 1518
710 1481
710 1482
710 1483
710 1484
710 1515
710 1516
710 1517
711 1480
711 1481
711 1482
711 1483
711 1515
711 1516
711 1517
712 1479
712 1480
712 1481
712 1482
712 1515
712 1516
712 1517
713 1478
713 1479
713 1480
713 1481
713 1482
713 1515
713 1516
713 1517
714 1478
714 1479
714 1480
714 1481
714 1514
714 1515
714 1516
714 1517
715 1477
715 1478
715 1479
715 1480
715 1514
715 1515
715 1516
716 1476
716 1477
716 1478
716 1479
716 1513
716 1514
716 1515
716 1516
717 1476
717 1477
717 1478
717 1513
717 1514
717 1515
718 1475
718 1476
718 1477
718 1512
718 1513
718 1514
718 1515
719 1474
719 1475
719 1476
719 1477
719 1512
719 1513
719 1514
720 1474
720 1475
720 1476
720 1511
720 1512
720 1513
721 1473
721 1474
721 1475
721 1510
721 1511
721 1512
722 1472
722 1473
722 1474
722 1509
722 1510
722 1511
722 1512
723 1472
723 1473
723 1508
723 1509
723 1510
723 1511
724 1471
724 1472
724 1507
724 1508
724 1509
724 1510
725 1470
725 1471
725 1472
725 1506
725 1507
725 1508
725 1509
726 1469
726 1470
726 1471
726 1504
726 1505
726 1506
726 1507
727 1469
727 1470
727 1503
727 1504
727 1505
727 1506
728 1468
728 1469
728 1501
728 1502
728 1503
728 1504
728 1505
729 1467
729 1468
729 1500
729 1501
729 1502
729 1503
730 1466
730 1467
730 1498
730 1499
730 1500
730 1501
731 1465
731 1466
731 1467
731 1496
731 1497
731 1498
731 1499
731 1500
732 1465
732 1466
732 1494
732 1495
732 1496
732 1497
732 1498
733 1464
733 1465
733 1492
733 1493
733 1494
733 1495
733 1496
734 1463
734 1464
734 1490
734 1491
734 1492
734 1493
734 1494
735 1462
735 1463
735 1488
735 1489
735 1490
735 1491
735 1492
736 1461
736 1462
736 1486
736 1487
736 1488
736 1489
736 1490
737 1460
737 1461
737 1484
737 1485
737 1486
737 1487
737 1488
738 1459
738 1460
738 1482
738 1483
738 1484
738 1485
739 1458
739 1459
739 1460
739 1480
739 1481
739 1482
739 1483
740 1458
740 1459
740 1478
740 1479
740 1480
740 1481
741 1457
741 1458
741 1477
741 1478
741 1479
742 1456
742 1457
742 1475
742 1476
742 1477
742 1478
743 1455
743 1456
743 1474
743 1475
743 1476
744 1454
744 1455
744 1473
744 1474
744 1475
745 1453
745 1454
745 1472
745 1473
746 1452
746 1453
746 1470
746 1471
746 1472
747 1451
747 1452
747 1469
747 1470
747 1471
748 1450
748 1451
748 1468
748 1469
749 1449
749 1450
749 1467
749 1468
750 1448
750 1449
750 1466
750 1467
751 1447
751 1448
751 1465
751 1466
752 1446
752 1447
752 1464
752 1465
753 1445
753 1446
753 1463
753 1464
754 1444
754 1445
754 1462
754 1463
755 1443
755 1444
755 1461
755 1462
756 1442
756 1443
756 1460
756 1461
757 1441
757 1442
757 1459
757 1460
758 1440
758 1441
758 1458
758 1459
759 1439
759 1440
759 1457
759 1458
760 1438
760 1439
760 1456
760 1457
761 1437
761 1438
761 1455
761 1456
762 1436
762 1437
762 1454
762 1455
763 1435
763 1436
763 1453
763 1454
764 1434
764 1435
764 1453
764 1454
765 1433
765 1434
765 1452
765 1453
766 1431
766 1432
766 1433
766 1451
766 1452
767 1430
767 1431
767 1432
767 1450
767 1451
768 1429
768 1430
768 1431
768 1449
768 1450
769 1428
769 1429
769 1430
769 1448
769 1449
770 1427
770 1428
770 1429
770 1447
770 1448
771 1426
771 1427
771 1428
771 1447
771 1448
772 1425
772 1426
772 1427
772 1446
772 1447
773 1424
773 1425
773 1426
773 1445
773 1446
774 1422
774 1423
774 1424
774 1444
774 1445
774 1446
775 1421
775 1422
775 1423
775 1444
775 1445
776 1420
776 1421
776 1422
776 1443
776 1444
777 1419
777 1420
777 1421
777 1442
777 1443
777 1444
778 1418
778 1419
778 1420
778 1421
778 1442
778 1443
779 1417
779 1418
779 1419
779 1420
779 1441
779 1442
780 1416
780 1417
780 1418
780 1419
780 1441
780 1442
781 1415
781 1416
781 1417
781 1418
781 1440
781 1441
782 1414
782 1415
782 1416
782 1417
782 1439
782 1440
782 1441
783 1413
783 1414
783 1415
783 1416
783 1439
783 1440
784 1412
784 1413
784 1414
784 1415
784 1438
784 1439
785 1411
785 1412
785 1413
785 1414
785 1438
785 1439
786 1410
786 1411
786 1412
786 1413
786 1437
786 1438
787 1408
787 1409
787 1410
787 1411
787 1412
787 1437
787 1438
788 1407
788 1408
788 1409
788 1410
788 1411
788 1436
788 1437
789 1406
789 1407
789 1408
789 1409
789 1410
789 1435
789 1436
789 1437
790 1405
790 1406
790 1407
790 1408
790 1409
790 1435
790 1436
791 1404
791 1405
791 1406
791 1407
791 1408
791 1434
791 1435
791 1436
792 1403
792 1404
792 1405
792 1406
792 1407
792 1434
792 1435
793 1402
793 1403
793 1404
793 1405
793 1406
793 1433
793 1434
793 1435
794 1401
794 1402
794 1403
794 1404
794 1405
794 1433
794 1434
795 1400
795 1401
795 1402
795 1403
795 1404
795 1432
795 1433
795 1434
796 1399
796 1400
796 1401
796 1402
796 1403
796 1431
796 1432
796 1433
797 1399
797 1400
797 1401
797 1402
797 1431
797 1432
798 1398
798 1399
798 1400
798 1401
798 1430
798 1431
798 1432
799 1397
799 1398
799 1399
799 1400
799 1401
799 1429
799 1430
799 1431
800 1397
800 1398
800 1399
800 1400
800 1429
800 1430
801 1396
801 1397
801 1398
801 1399
801 1400
801 1428
801 1429
801 1430
802 1396
802 1397
802 1398
802 1399
802 1427
802 1428
802 1429
803 1395
803 1396
803 1397
803 1398
803 1399
803 1426
803 1427
803 1428
804 1395
804 1396
804 1397
804 1398
804 1399
804 1425
804 1426
804 1427
805 1395
805 1396
805 1397
805 1398
805 1399
805 1400
805 1424
805 1425
805 1426
805 1427
806 1396
806 1397
806 1398
806 1399
806 1400
806 1423
806 1424
806 1425
806 1426
807 1396
807 1397
807 1398
807 1399
807 1400
807 1401
807 1421
807 1422
807 1423
807 1424
807 1425
808 1397
808 1398
808 1399
808 1400
808 1401
808 1402
808 1403
808 1419
808 1420
808 1421
808 1422
808 1423
809 1398
809 1399
809 1400
809 1401
809 1402
809 1403
809 1404
809 1405
809 1406
809 1416
809 1417
809 1418
809 1419
809 1420
809 1421
809 1422
810 1399
810 1400
810 1401
810 1402
810 1403
810 1404
810 1405
810 1406
810 1407
810 1408
810 1409
810 1410
810 1411
810 1412
810 1413
810 1414
810 1415
810 1416
810 1417
810 1418
810 1419
810 1420
811 1402
811 1403
811 1404
811 1405
811 1406
811 1407
811 1408
811 1409
811 1410
811 1411
811 1412
811 1413
811 1414
811 1415
811 1416
811 1417
811 1418
812 1405
812 1406
812 1407
812 1408
812 1409
812 1410
812 1411
812 1412
812 1413
812 1414
2474 3868
2474 3869
2474 3870
2474 3871
2475 3867
2475 3868
2475 3869
2475 3870
2475 3871
2475 3872
2476 3866
2476 3867
2476 3868
2476 3869
2476 3870
2476 3871
2476 3872
2477 3866
2477 3867
2477 3868
2477 3869
2477 3870
2477 3871
2477 3872
2478 3865
2478 3866
2478 3867
2478 3868
2478 3869
2478 3870
2478 3871
2478 3872
2478 3873
2479 3865
2479 3866
2479 3867
2479 3868
2479 3869
2479 3870
2479 3871
2479 3872
2479 3873
2480 3864
2480 3865
2480 3866
2480 3867
2480 3868
2480 3869
2480 3870
2480 3871
2480 3872
2480 3873
2481 3864
2481 3865
2481 3866
2481 3867
2481 3868
2481 3869
2481 3870
2481 3871
2481 3872
2481 3873
2482 3863
2482 3864
2482 3865
2482 3866
2482 3867
2482 3870
2482 3871
2482 3872
2482 3873
2482 3874
2483 3863
2483 3864
2483 3865
2483 3866
2483 3871
2483 3872
2483 3873
2483 3874
2484 3863
2484 3864
2484 3865
2484 3871
2484 3872
2484 3873
2484 3874
2485 3862
2485 3863
2485 3864
2485 3865
2485 3871
2485 3872
2485 3873
2485 3874
2486 3862
2486 3863
2486 3864
2486 3872
2486 3873
2486 3874
2487 3862
2487 3863
2487 3864
2487 3872
2487 3873
2487 3874
2488 3861
2488 3862
2488 3863
2488 3872
2488 3873
2488 3874
2489 3861
2489 3862
2489 3863
2489 3872
2489 3873
2489 3874
2490 3861
2490 3862
2490 3872
2490 3873
2490 3874
2491 3860
2491 3861
2491 3862
2491 3872
2491 3873
2491 3874
2492 3860
2492 3861
2492 3872
2492 3873
2492 3874
2493 3859
2493 3860
2493 3861
2493 3872
2493 3873
2493 3874
2494 3859
2494 3860
2494 3861
2494 3872
2494 3873
2494 3874
2495 3859
2495 3860
2495 3872
2495 3873
2495 3874
2496 3859
2496 3860
2496 3872
2496 3873
2497 3858
2497 3859
2497 3860
2497 3872
2497 3873
2498 3858
2498 3859
2498 3872
2498 3873
2499 3858
2499 3859
2499 3872
2499 3873
2500 3858
2500 3859
2500 3872
2500 3873
2501 3858
2501 3859
2501 3872
2501 3873
2502 3858
2502 3859
2502 3872
2502 3873
2503 3857
2503 3858
2503 3872
2503 3873
2504 3857
2504 3858
2504 3872
2504 3873
2505 3857
2505 3858
2505 3873
2505 3874
2506 3857
2506 3858
2506 3873
2506 3874
2507 3857
2507 3858
2507 3873
2507 3874
2508 3857
2508 3858
2508 3873
2508 3874
2509 3857
2509 3858
2509 3873
2509 3874
2510 3857
2510 3858
2510 3873
2510 3874
2511 3857
2511 3858
2511 3873
2511 3874
2512 3857
2512 3858
2512 3873
2512 3874
2513 3857
2513 3858
2513 3873
2513 3874
2514 3857
2514 3858
2514 3873
2514 3874
2515 3857
2515 3858
2515 3873
2515 3874
2516 3857
2516 3858
2516 3873
2516 3874
2517 3857
2517 3858
2517 3873
2517 3874
2518 3857
2518 3858
2518 3874
2519 3857
2519 3858
2519 3874
2520 3857
2520 3858
2520 3874
2520 3875
2521 3857
2521 3858
2521 3874
2521 3875
2522 3857
2522 3858
2522 3874
2522 3875
2523 3857
2523 3858
2523 3874
2523 3875
2524 3857
2524 3858
2524 3874
2524 3875
2525 3858
2525 3874
2525 3875
2526 3858
2526 3874
2526 3875
2527 3858
2527 3859
2527 3874
2527 3875
2528 3858
2528 3859
2528 3874
2528 3875
2529 3858
2529 3859
2529 3874
2529 3875
2530 3858
2530 3859
2530 3874
2530 3875
2531 3858
2531 3859
2531 3874
2531 3875
2532 3859
2532 3860
2532 3874
2532 3875
2533 3859
2533 3860
2533 3874
2533 3875
2534 3859
2534 3860
2534 3874
2534 3875
2535 3859
2535 3860
2535 3874
2535 3875
2536 3859
2536 3860
2536 3861
2536 3874
2536 3875
2537 3860
2537 3861
2537 3874
2537 3875
2538 3860
2538 3861
2538 3873
2538 3874
2538 3875
2539 3860
2539 3861
2539 3862
2539 3873
2539 3874
2539 3875
2540 3861
2540 3862
2540 3873
2540 3874
2541 3861
2541 3862
2541 3863
2541 3872
2541 3873
2541 3874
2542 3862
2542 3863
2542 3864
2542 3871
2542 3872
2542 3873
2542 3874
2543 3862
2543 3863
2543 3864
2543 3865
2543 3870
2543 3871
2543 3872
2543 3873
2544 3863
2544 3864
2544 3865
2544 3866
2544 3867
2544 3868
2544 3869
2544 3870
2544 3871
2544 3872
2545 3864
2545 3865
2545 3866
2545 3867
2545 3868
2545 3869
2545 3870
2545 3871
2546 3865
2546 3866
2546 3867
2546 3868
2546 3869
2546 3870
3977 4027
3977 4028
3977 4029
3977 4030
3978 4028
3978 4029
3978 4030
3978 4031
3978 4032
3978 4033
3978 4034
3978 4035
3979 4029
3979 4030
3979 4031
3979 4032
3979 4033
3979 4034
3979 4035
3979 4036
3979 4037
3979 4038
3980 4030
3980 4031
3980 4032
3980 4033
3980 4034
3980 4035
3980 4036
3980 4037
3980 4038
3980 4039
3980 4040
3980 4041
3981 4032
3981 4033
3981 4034
3981 4035
3981 4036
3981 4037
3981 4038
3981 4039
3981 4040
3981 4041
3981 4042
3981 4043
3982 4037
3982 4038
3982 4039
3982 4040
3982 4041
3982 4042
3982 4043
3982 4044
3983 4039
3983 4040
3983 4041
3983 4042
3983 4043
3983 4044
3983 4045
3983 4046
3984 4041
3984 4042
3984 4043
3984 4044
3984 4045
3984 4046
3984 4047
3985 4043
3985 4044
3985 4045
3985 4046
3985 4047
3985 4048
3986 4045
3986 4046
3986 4047
3986 4048
3986 4049
3987 4046
3987 4047
3987 4048
3987 4049
3987 4050
3988 4047
3988 4048
3988 4049
3988 4050
3988 4051
3989 4048
3989 4049
3989 4050
3989 4051
3989 4052
3990 4049
3990 4050
3990 4051
3990 4052
3991 4050
3991 4051
3991 4052
3991 4053
3992 4051
3992 4052
3992 4053
3992 4054
3993 4051
3993 4052
3993 4053
3993 4054
3994 4052
3994 4053
3994 4054
3994 4055
3995 4053
3995 4054
3995 4055
3996 4053
3996 4054
3996 4055
3996 4056
3997 4054
3997 4055
3997 4056
3998 4054
3998 4055
3998 4056
3998 4057
3999 4055
3999 4056
3999 4057
4000 4055
4000 4056
4000 4057
4001 4055
4001 4056
4001 4057
4001 4058
4002 4055
4002 4056
4002 4057
4002 4058
4003 4056
4003 4057
4003 4058
4004 4056
4004 4057
4004 4058
4005 4056
4005 4057
4005 4058
4006 4056
4006 4057
4006 4058
4007 4057
4007 4058
4008 4058
