4 2407
4 2408
4 2409
4 2410
4 2411
4 2412
4 2413
4 2414
5 2401
5 2402
5 2403
5 2404
5 2405
5 2406
5 2407
5 2408
5 2409
5 2410
5 2411
5 2412
5 2413
5 2414
5 2415
5 2416
5 2417
6 2324
6 2325
6 2326
6 2327
6 2328
6 2329
6 2330
6 2331
6 2332
6 2333
6 2334
6 2335
6 2336
6 2337
6 2338
6 2339
6 2340
6 2341
6 2342
6 2343
6 2344
6 2345
6 2346
6 2347
6 2348
6 2349
6 2350
6 2351
6 2352
6 2353
6 2354
6 2355
6 2356
6 2357
6 2358
6 2359
6 2360
6 2361
6 2362
6 2363
6 2364
6 2365
6 2366
6 2367
6 2368
6 2369
6 2370
6 2371
6 2372
6 2373
6 2374
6 2375
6 2376
6 2377
6 2378
6 2379
6 2380
6 2381
6 2382
6 2383
6 2384
6 2385
6 2386
6 2387
6 2388
6 2389
6 2390
6 2391
6 2392
6 2393
6 2394
6 2395
6 2396
6 2397
6 2398
6 2399
6 2400
6 2401
6 2402
6 2403
6 2404
6 2405
6 2406
6 2407
6 2408
6 2409
6 2410
6 2411
6 2412
6 2413
6 2414
6 2415
6 2416
6 2417
6 2418
6 2419
7 2321
7 2322
7 2323
7 2324
7 2325
7 2326
7 2327
7 2328
7 2329
7 2330
7 2331
7 2332
7 2333
7 2334
7 2335
7 2336
7 2337
7 2338
7 2339
7 2340
7 2341
7 2342
7 2343
7 2344
7 2345
7 2346
7 2347
7 2348
7 2349
7 2350
7 2351
7 2352
7 2353
7 2354
7 2355
7 2356
7 2357
7 2358
7 2359
7 2360
7 2361
7 2362
7 2363
7 2364
7 2365
7 2366
7 2367
7 2368
7 2369
7 2370
7 2371
7 2372
7 2373
7 2374
7 2375
7 2376
7 2377
7 2378
7 2379
7 2380
7 2381
7 2382
7 2383
7 2384
7 2385
7 2386
7 2387
7 2388
7 2389
7 2390
7 2391
7 2392
7 2393
7 2394
7 2395
7 2396
7 2397
7 2398
7 2399
7 2400
7 2401
7 2402
7 2403
7 2404
7 2405
7 2406
7 2407
7 2408
7 2409
7 2410
7 2411
7 2412
7 2413
7 2414
7 2415
7 2416
7 2417
7 2418
7 2419
7 2420
7 2421
8 2319
8 2320
8 2321
8 2322
8 2323
8 2324
8 2325
8 2326
8 2327
8 2328
8 2329
8 2330
8 2331
8 2332
8 2333
8 2334
8 2335
8 2336
8 2337
8 2338
8 2339
8 2340
8 2341
8 2342
8 2343
8 2344
8 2345
8 2346
8 2347
8 2348
8 2349
8 2350
8 2351
8 2352
8 2353
8 2354
8 2355
8 2356
8 2357
8 2358
8 2359
8 2360
8 2361
8 2362
8 2363
8 2364
8 2365
8 2366
8 2367
8 2368
8 2369
8 2370
8 2371
8 2372
8 2373
8 2374
8 2375
8 2376
8 2377
8 2378
8 2379
8 2380
8 2381
8 2382
8 2383
8 2384
8 2385
8 2386
8 2387
8 2388
8 2389
8 2390
8 2391
8 2392
8 2393
8 2394
8 2395
8 2396
8 2397
8 2398
8 2399
8 2400
8 2401
8 2402
8 2403
8 2404
8 2405
8 2406
8 2407
8 2408
8 2409
8 2410
8 2415
8 2416
8 2417
8 2418
8 2419
8 2420
8 2421
8 2422
9 2318
9 2319
9 2320
9 2321
9 2322
9 2323
9 2324
9 2325
9 2326
9 2327
9 2328
9 2329
9 2330
9 2331
9 2332
9 2333
9 2334
9 2335
9 2336
9 2337
9 2338
9 2339
9 2340
9 2341
9 2342
9 2343
9 2344
9 2345
9 2346
9 2347
9 2348
9 2349
9 2350
9 2351
9 2352
9 2353
9 2354
9 2355
9 2356
9 2357
9 2358
9 2359
9 2360
9 2361
9 2362
9 2363
9 2364
9 2365
9 2366
9 2367
9 2368
9 2369
9 2370
9 2371
9 2372
9 2373
9 2374
9 2375
9 2376
9 2377
9 2378
9 2379
9 2380
9 2381
9 2382
9 2383
9 2384
9 2385
9 2386
9 2387
9 2388
9 2389
9 2390
9 2391
9 2392
9 2393
9 2394
9 2395
9 2396
9 2397
9 2398
9 2399
9 2400
9 2401
9 2402
9 2403
9 2404
9 2405
9 2406
9 2419
9 2420
9 2421
9 2422
9 2423
10 2317
10 2318
10 2319
10 2320
10 2321
10 2322
10 2323
10 2324
10 2325
10 2326
10 2327
10 2328
10 2329
10 2330
10 2331
10 2332
10 2333
10 2334
10 2335
10 2336
10 2337
10 2338
10 2339
10 2340
10 2341
10 2342
10 2343
10 2344
10 2345
10 2346
10 2347
10 2348
10 2349
10 2350
10 2351
10 2352
10 2353
10 2354
10 2355
10 2356
10 2357
10 2358
10 2359
10 2360
10 2361
10 2362
10 2363
10 2364
10 2365
10 2366
10 2367
10 2368
10 2369
10 2370
10 2371
10 2372
10 2373
10 2374
10 2375
10 2376
10 2377
10 2378
10 2379
10 2380
10 2381
10 2382
10 2383
10 2384
10 2385
10 2386
10 2387
10 2388
10 2389
10 2390
10 2391
10 2392
10 2393
10 2394
10 2395
10 2396
10 2397
10 2398
10 2399
10 2400
10 2401
10 2402
10 2403
10 2404
10 2421
10 2422
10 2423
10 2424
11 2317
11 2318
11 2319
11 2320
11 2321
11 2322
11 2323
11 2324
11 2325
11 2326
11 2327
11 2328
11 2329
11 2330
11 2331
11 2332
11 2333
11 2334
11 2335
11 2336
11 2337
11 2338
11 2339
11 2340
11 2341
11 2342
11 2343
11 2344
11 2345
11 2346
11 2347
11 2348
11 2349
11 2350
11 2351
11 2352
11 2353
11 2354
11 2355
11 2356
11 2357
11 2358
11 2359
11 2360
11 2361
11 2362
11 2363
11 2364
11 2365
11 2366
11 2367
11 2368
11 2369
11 2370
11 2371
11 2372
11 2373
11 2374
11 2375
11 2376
11 2377
11 2378
11 2379
11 2380
11 2381
11 2382
11 2383
11 2384
11 2385
11 2386
11 2387
11 2388
11 2389
11 2390
11 2391
11 2392
11 2393
11 2394
11 2395
11 2396
11 2397
11 2398
11 2399
11 2400
11 2401
11 2402
11 2422
11 2423
11 2424
11 2425
12 2316
12 2317
12 2318
12 2319
12 2320
12 2321
12 2322
12 2323
12 2324
12 2325
12 2326
12 2327
12 2328
12 2329
12 2330
12 2331
12 2332
12 2333
12 2334
12 2335
12 2336
12 2337
12 2338
12 2339
12 2340
12 2341
12 2342
12 2343
12 2344
12 2345
12 2346
12 2347
12 2348
12 2349
12 2350
12 2351
12 2352
12 2353
12 2354
12 2355
12 2356
12 2357
12 2358
12 2359
12 2360
12 2361
12 2362
12 2363
12 2364
12 2365
12 2366
12 2367
12 2368
12 2369
12 2370
12 2371
12 2372
12 2373
12 2374
12 2375
12 2376
12 2377
12 2378
12 2379
12 2380
12 2381
12 2382
12 2383
12 2384
12 2385
12 2386
12 2387
12 2388
12 2389
12 2390
12 2391
12 2392
12 2393
12 2394
12 2395
12 2396
12 2397
12 2398
12 2399
12 2424
12 2425
12 2426
13 2316
13 2317
13 2318
13 2319
13 2320
13 2321
13 2322
13 2323
13 2324
13 2325
13 2326
13 2327
13 2328
13 2329
13 2330
13 2331
13 2332
13 2333
13 2334
13 2335
13 2336
13 2337
13 2338
13 2339
13 2340
13 2341
13 2342
13 2343
13 2344
13 2345
13 2346
13 2347
13 2348
13 2349
13 2350
13 2351
13 2352
13 2353
13 2354
13 2355
13 2356
13 2357
13 2358
13 2359
13 2360
13 2361
13 2362
13 2363
13 2364
13 2365
13 2366
13 2367
13 2368
13 2369
13 2370
13 2371
13 2372
13 2373
13 2374
13 2375
13 2376
13 2377
13 2378
13 2379
13 2380
13 2381
13 2382
13 2383
13 2384
13 2385
13 2386
13 2387
13 2388
13 2389
13 2390
13 2391
13 2392
13 2393
13 2394
13 2395
13 2425
13 2426
13 2427
14 2315
14 2316
14 2317
14 2318
14 2319
14 2320
14 2321
14 2322
14 2323
14 2324
14 2325
14 2329
14 2330
14 2331
14 2332
14 2333
14 2334
14 2335
14 2336
14 2337
14 2338
14 2339
14 2340
14 2341
14 2342
14 2343
14 2426
14 2427
14 2428
15 2315
15 2316
15 2317
15 2318
15 2319
15 2320
15 2321
15 2322
15 2323
15 2324
15 2427
15 2428
15 2429
16 2315
16 2316
16 2317
16 2318
16 2319
16 2320
16 2321
16 2322
16 2323
16 2324
16 2428
16 2429
16 2430
17 2316
17 2317
17 2318
17 2319
17 2320
17 2321
17 2322
17 2323
17 2324
17 2325
17 2328
17 2329
17 2330
17 2331
17 2332
17 2333
17 2334
17 2335
17 2336
17 2337
17 2338
17 2339
17 2340
17 2341
17 2342
17 2343
17 2344
17 2345
17 2346
17 2347
17 2348
17 2349
17 2350
17 2351
17 2352
17 2429
17 2430
17 2431
18 2316
18 2317
18 2318
18 2319
18 2320
18 2321
18 2322
18 2323
18 2324
18 2325
18 2326
18 2327
18 2328
18 2329
18 2330
18 2331
18 2332
18 2333
18 2334
18 2335
18 2336
18 2337
18 2338
18 2339
18 2340
18 2341
18 2342
18 2343
18 2344
18 2345
18 2346
18 2347
18 2348
18 2349
18 2350
18 2351
18 2352
18 2353
18 2354
18 2355
18 2356
18 2357
18 2358
18 2359
18 2360
18 2361
18 2362
18 2363
18 2364
18 2365
18 2366
18 2367
18 2368
18 2369
18 2370
18 2371
18 2372
18 2373
18 2374
18 2375
18 2376
18 2377
18 2378
18 2379
18 2380
18 2381
18 2382
18 2383
18 2384
18 2385
18 2386
18 2387
18 2388
18 2389
18 2390
18 2391
18 2392
18 2393
18 2394
18 2395
18 2396
18 2430
18 2431
18 2432
19 2317
19 2318
19 2319
19 2320
19 2321
19 2322
19 2323
19 2324
19 2325
19 2326
19 2327
19 2328
19 2329
19 2330
19 2331
19 2332
19 2333
19 2334
19 2335
19 2336
19 2337
19 2338
19 2339
19 2340
19 2341
19 2342
19 2343
19 2344
19 2345
19 2346
19 2347
19 2348
19 2349
19 2350
19 2351
19 2352
19 2353
19 2354
19 2355
19 2356
19 2357
19 2358
19 2359
19 2360
19 2361
19 2362
19 2363
19 2364
19 2365
19 2366
19 2367
19 2368
19 2369
19 2370
19 2371
19 2372
19 2373
19 2374
19 2375
19 2376
19 2377
19 2378
19 2379
19 2380
19 2381
19 2382
19 2383
19 2384
19 2385
19 2386
19 2387
19 2388
19 2389
19 2390
19 2391
19 2392
19 2393
19 2394
19 2395
19 2396
19 2397
19 2398
19 2399
19 2400
19 2431
19 2432
19 2433
20 2318
20 2319
20 2320
20 2321
20 2322
20 2323
20 2324
20 2325
20 2326
20 2327
20 2328
20 2329
20 2330
20 2331
20 2332
20 2333
20 2334
20 2335
20 2336
20 2337
20 2338
20 2339
20 2340
20 2341
20 2342
20 2343
20 2344
20 2345
20 2346
20 2347
20 2348
20 2349
20 2350
20 2351
20 2352
20 2353
20 2354
20 2355
20 2356
20 2357
20 2358
20 2359
20 2360
20 2361
20 2362
20 2363
20 2364
20 2365
20 2366
20 2367
20 2368
20 2369
20 2370
20 2371
20 2372
20 2373
20 2374
20 2375
20 2376
20 2377
20 2378
20 2379
20 2380
20 2381
20 2382
20 2383
20 2384
20 2385
20 2386
20 2387
20 2388
20 2389
20 2390
20 2391
20 2392
20 2393
20 2394
20 2395
20 2396
20 2397
20 2398
20 2399
20 2400
20 2401
20 2402
20 2432
20 2433
20 2434
21 2319
21 2320
21 2321
21 2322
21 2323
21 2324
21 2325
21 2326
21 2327
21 2328
21 2329
21 2330
21 2331
21 2332
21 2333
21 2334
21 2335
21 2336
21 2337
21 2338
21 2339
21 2340
21 2341
21 2342
21 2343
21 2344
21 2345
21 2346
21 2347
21 2348
21 2349
21 2350
21 2351
21 2352
21 2353
21 2354
21 2355
21 2356
21 2357
21 2358
21 2359
21 2360
21 2361
21 2362
21 2363
21 2364
21 2365
21 2366
21 2367
21 2368
21 2369
21 2370
21 2371
21 2372
21 2373
21 2374
21 2375
21 2376
21 2377
21 2378
21 2379
21 2380
21 2381
21 2382
21 2383
21 2384
21 2385
21 2386
21 2387
21 2388
21 2389
21 2390
21 2391
21 2392
21 2393
21 2394
21 2395
21 2396
21 2397
21 2398
21 2399
21 2400
21 2401
21 2402
21 2403
21 2404
21 2433
21 2434
21 2435
22 2321
22 2322
22 2323
22 2324
22 2325
22 2326
22 2327
22 2328
22 2329
22 2330
22 2331
22 2332
22 2333
22 2334
22 2335
22 2336
22 2337
22 2338
22 2339
22 2340
22 2341
22 2342
22 2343
22 2344
22 2345
22 2346
22 2347
22 2348
22 2349
22 2350
22 2351
22 2352
22 2353
22 2354
22 2355
22 2356
22 2357
22 2358
22 2359
22 2360
22 2361
22 2362
22 2363
22 2364
22 2365
22 2366
22 2367
22 2368
22 2369
22 2370
22 2371
22 2372
22 2373
22 2374
22 2375
22 2376
22 2377
22 2378
22 2379
22 2380
22 2381
22 2382
22 2383
22 2384
22 2385
22 2386
22 2387
22 2388
22 2389
22 2390
22 2391
22 2392
22 2393
22 2394
22 2395
22 2396
22 2397
22 2398
22 2399
22 2400
22 2401
22 2402
22 2403
22 2404
22 2405
22 2406
22 2434
22 2435
22 2436
23 2323
23 2324
23 2325
23 2326
23 2327
23 2328
23 2329
23 2330
23 2331
23 2332
23 2333
23 2334
23 2335
23 2336
23 2337
23 2338
23 2339
23 2340
23 2341
23 2342
23 2343
23 2344
23 2345
23 2346
23 2347
23 2348
23 2349
23 2350
23 2351
23 2352
23 2353
23 2354
23 2355
23 2356
23 2357
23 2358
23 2359
23 2360
23 2361
23 2362
23 2363
23 2364
23 2365
23 2366
23 2367
23 2368
23 2369
23 2370
23 2371
23 2372
23 2373
23 2374
23 2375
23 2376
23 2377
23 2378
23 2379
23 2380
23 2381
23 2382
23 2383
23 2384
23 2385
23 2386
23 2387
23 2388
23 2389
23 2390
23 2391
23 2392
23 2393
23 2394
23 2395
23 2396
23 2397
23 2398
23 2399
23 2400
23 2401
23 2402
23 2403
23 2404
23 2405
23 2406
23 2407
23 2408
23 2435
23 2436
24 2401
24 2402
24 2403
24 2404
24 2405
24 2406
24 2407
24 2408
24 2409
24 2410
24 2436
24 2437
25 2405
25 2406
25 2407
25 2408
25 2409
25 2410
25 2411
25 2437
25 2438
26 2408
26 2409
26 2410
26 2411
26 2412
26 2413
26 2438
26 2439
27 2410
27 2411
27 2412
27 2413
27 2414
27 2415
27 2439
27 2440
28 2413
28 2414
28 2415
28 2416
28 2417
28 2440
28 2441
29 2415
29 2416
29 2417
29 2418
29 2419
29 2441
29 2442
30 2417
30 2418
30 2419
30 2420
30 2442
30 2443
31 2419
31 2420
31 2421
31 2422
31 2443
32 2421
32 2422
32 2423
32 2443
32 2444
33 2423
33 2424
33 2425
33 2444
33 2445
34 2424
34 2425
34 2426
34 2445
34 2446
35 2426
35 2427
35 2428
35 2446
35 2447
36 2427
36 2428
36 2429
36 2447
36 2448
37 2429
37 2430
37 2448
37 2449
38 2430
38 2431
38 2432
38 2449
38 2450
39 2431
39 2432
39 2433
39 2450
40 2433
40 2434
40 2451
41 2434
41 2435
41 2452
42 2435
42 2436
42 2452
42 2453
43 2436
43 2437
43 2438
43 2453
43 2454
44 2438
44 2439
44 2454
44 2455
45 2439
45 2440
45 2455
45 2456
46 2440
46 2441
46 2456
46 2457
47 2441
47 2442
47 2457
47 2458
48 2442
48 2443
48 2458
48 2459
49 2443
49 2444
49 2459
49 2460
50 2444
50 2445
50 2460
50 2461
51 2445
51 2446
51 2461
51 2462
52 2446
52 2447
52 2462
52 2463
53 2447
53 2448
53 2463
54 2448
54 2449
54 2464
55 2449
55 2450
55 2465
56 2450
56 2451
56 2466
57 2451
57 2467
58 2452
58 2467
58 2468
59 2453
59 2468
59 2469
60 2454
60 2469
60 2470
61 2454
61 2455
61 2470
61 2471
62 2455
62 2456
62 2471
62 2472
63 2456
63 2457
63 2472
63 2473
64 2457
64 2458
64 2473
64 2474
65 2458
65 2459
65 2474
65 2475
66 2459
66 2460
66 2475
66 2476
67 2460
67 2461
67 2476
67 2477
68 2461
68 2462
68 2477
68 2478
69 2462
69 2463
69 2478
69 2479
70 2463
70 2464
70 2479
70 2480
71 2464
71 2465
71 2480
71 2481
72 2465
72 2466
72 2481
72 2482
73 2466
73 2467
73 2482
73 2483
74 2467
74 2468
74 2483
74 2484
75 2468
75 2469
75 2484
75 2485
76 2469
76 2470
76 2485
76 2486
77 2470
77 2471
77 2486
77 2487
78 2471
78 2472
78 2487
78 2488
79 2472
79 2473
79 2488
79 2489
80 2473
80 2474
80 2489
80 2490
81 2474
81 2490
81 2491
82 2475
82 2491
82 2492
83 2476
83 2492
83 2493
84 2477
84 2493
84 2494
85 2478
85 2494
85 2495
86 2479
86 2495
86 2496
87 2480
87 2496
87 2497
88 2480
88 2481
88 2497
88 2498
89 2481
89 2482
89 2498
89 2499
90 2482
90 2483
90 2499
90 2500
91 2483
91 2484
91 2500
91 2501
92 2484
92 2485
92 2501
92 2502
93 2485
93 2486
93 2502
93 2503
94 2486
94 2487
94 2503
94 2504
95 2487
95 2488
95 2504
95 2505
96 2488
96 2489
96 2505
96 2506
97 2489
97 2490
97 2506
97 2507
98 2490
98 2507
98 2508
99 2490
99 2491
99 2508
99 2509
100 2491
100 2492
100 2509
100 2510
101 2492
101 2493
101 2509
101 2510
102 2493
102 2494
102 2510
102 2511
103 2493
103 2494
103 2511
103 2512
104 2494
104 2495
104 2512
104 2513
105 2495
105 2496
105 2512
105 2513
106 2495
106 2496
106 2513
106 2514
107 2496
107 2497
107 2514
107 2515
108 2497
108 2498
108 2514
108 2515
109 2497
109 2498
109 2515
109 2516
110 2498
110 2499
110 2515
110 2516
111 2498
111 2499
111 2516
111 2517
112 2499
112 2500
112 2516
112 2517
113 2499
113 2500
113 2517
113 2518
114 2500
114 2501
114 2517
114 2518
115 2500
115 2501
115 2518
115 2519
116 2501
116 2518
116 2519
117 2501
117 2502
117 2519
117 2520
118 2501
118 2502
118 2519
118 2520
119 2502
119 2503
119 2519
119 2520
120 2502
120 2503
120 2520
120 2521
121 2502
121 2503
121 2520
121 2521
122 2503
122 2504
122 2521
123 2503
123 2504
123 2521
123 2522
124 2504
124 2505
124 2521
124 2522
125 2504
125 2505
125 2522
126 2504
126 2505
126 2522
126 2523
127 2505
127 2506
127 2522
127 2523
128 2505
128 2506
128 2523
129 2505
129 2506
129 2523
129 2524
130 2505
130 2506
130 2523
130 2524
131 2506
131 2507
131 2523
131 2524
132 2506
132 2507
132 2524
133 2506
133 2507
133 2524
133 2525
134 2507
134 2508
134 2524
134 2525
135 2507
135 2508
135 2524
135 2525
136 2507
136 2508
136 2524
136 2525
137 2507
137 2508
137 2509
137 2524
137 2525
138 2508
138 2509
138 2524
138 2525
139 2508
139 2509
139 2525
140 2508
140 2509
140 2525
140 2526
141 2509
141 2510
141 2525
141 2526
142 2509
142 2510
142 2524
142 2525
142 2526
143 2509
143 2510
143 2524
143 2525
143 2526
144 2509
144 2510
144 2511
144 2524
144 2525
145 2510
145 2511
145 2524
145 2525
146 2510
146 2511
146 2512
146 2524
146 2525
147 2510
147 2511
147 2512
147 2523
147 2524
147 2525
148 2511
148 2512
148 2513
148 2523
148 2524
148 2525
149 2511
149 2512
149 2513
149 2514
149 2522
149 2523
149 2524
150 2512
150 2513
150 2514
150 2515
150 2521
150 2522
150 2523
150 2524
151 2513
151 2514
151 2515
151 2516
151 2517
151 2519
151 2520
151 2521
151 2522
151 2523
152 2513
152 2514
152 2515
152 2516
152 2517
152 2518
152 2519
152 2520
152 2521
152 2522
152 2523
153 2514
153 2515
153 2516
153 2517
153 2518
153 2519
153 2520
153 2521
153 2522
154 2516
154 2517
154 2518
154 2519
154 2520
514 1301
514 1302
514 1303
514 1304
514 1305
515 1298
515 1299
515 1300
515 1301
515 1302
515 1303
515 1304
515 1305
515 1306
515 1307
516 1296
516 1297
516 1298
516 1299
516 1300
516 1301
516 1302
516 1303
516 1304
516 1305
516 1306
516 1307
516 1308
517 1295
517 1296
517 1297
517 1298
517 1299
517 1300
517 1301
517 1302
517 1303
517 1304
517 1305
517 1306
517 1307
517 1308
517 1309
518 1294
518 1295
518 1296
518 1297
518 1298
518 1299
518 1300
518 1301
518 1302
518 1303
518 1304
518 1305
518 1306
518 1307
518 1308
518 1309
518 1310
519 1293
519 1294
519 1295
519 1296
519 1297
519 1298
519 1299
519 1300
519 1304
519 1305
519 1306
519 1307
519 1308
519 1309
519 1310
520 1292
520 1293
520 1294
520 1295
520 1296
520 1297
520 1306
520 1307
520 1308
520 1309
520 1310
520 1311
521 1291
521 1292
521 1293
521 1294
521 1295
521 1307
521 1308
521 1309
521 1310
521 1311
521 1312
522 1290
522 1291
522 1292
522 1293
522 1294
522 1308
522 1309
522 1310
522 1311
522 1312
523 1289
523 1290
523 1291
523 1292
523 1309
523 1310
523 1311
523 1312
523 1313
524 1288
524 1289
524 1290
524 1291
524 1310
524 1311
524 1312
524 1313
525 1287
525 1288
525 1289
525 1290
525 1291
525 1311
525 1312
525 1313
525 1314
526 1287
526 1288
526 1289
526 1290
526 1311
526 1312
526 1313
526 1314
527 1286
527 1287
527 1288
527 1289
527 1312
527 1313
527 1314
528 1285
528 1286
528 1287
528 1288
528 1312
528 1313
528 1314
528 1315
529 1285
529 1286
529 1287
529 1288
529 1313
529 1314
529 1315
530 1284
530 1285
530 1286
530 1287
530 1313
530 1314
530 1315
530 1316
531 1284
531 1285
531 1286
531 1287
531 1314
531 1315
531 1316
532 1284
532 1285
532 1286
532 1314
532 1315
532 1316
532 1317
533 1283
533 1284
533 1285
533 1286
533 1315
533 1316
533 1317
534 1283
534 1284
534 1285
534 1286
534 1315
534 1316
534 1317
535 1283
535 1284
535 1285
535 1286
535 1316
535 1317
535 1318
536 1283
536 1284
536 1285
536 1316
536 1317
536 1318
537 1283
537 1284
537 1285
537 1317
537 1318
537 1319
538 1283
538 1284
538 1285
538 1317
538 1318
538 1319
539 1283
539 1284
539 1285
539 1286
539 1318
539 1319
539 1320
540 1283
540 1284
540 1285
540 1286
540 1318
540 1319
540 1320
541 1283
541 1284
541 1285
541 1286
541 1319
541 1320
541 1321
542 1283
542 1284
542 1285
542 1286
542 1319
542 1320
542 1321
543 1284
543 1285
543 1286
543 1287
543 1320
543 1321
543 1322
544 1284
544 1285
544 1286
544 1287
544 1320
544 1321
544 1322
545 1285
545 1286
545 1287
545 1288
545 1321
545 1322
545 1323
546 1285
546 1286
546 1287
546 1288
546 1289
546 1321
546 1322
546 1323
547 1286
547 1287
547 1288
547 1289
547 1290
547 1322
547 1323
547 1324
548 1286
548 1287
548 1288
548 1289
548 1290
548 1323
548 1324
549 1287
549 1288
549 1289
549 1290
549 1291
549 1323
549 1324
549 1325
550 1288
550 1289
550 1290
550 1291
550 1292
550 1324
550 1325
551 1289
551 1290
551 1291
551 1292
551 1293
551 1324
551 1325
551 1326
552 1290
552 1291
552 1292
552 1293
552 1294
552 1325
552 1326
552 1327
553 1291
553 1292
553 1293
553 1294
553 1295
553 1325
553 1326
553 1327
554 1292
554 1293
554 1294
554 1295
554 1296
554 1297
554 1326
554 1327
554 1328
555 1294
555 1295
555 1296
555 1297
555 1298
555 1327
555 1328
556 1295
556 1296
556 1297
556 1298
556 1299
556 1327
556 1328
556 1329
557 1296
557 1297
557 1298
557 1299
557 1300
557 1328
557 1329
557 1330
558 1298
558 1299
558 1300
558 1301
558 1302
558 1329
558 1330
559 1299
559 1300
559 1301
559 1302
559 1303
559 1330
559 1331
560 1301
560 1302
560 1303
560 1304
560 1330
560 1331
560 1332
561 1302
561 1303
561 1304
561 1305
561 1306
561 1331
561 1332
562 1304
562 1305
562 1306
562 1307
562 1332
562 1333
563 1305
563 1306
563 1307
563 1308
563 1333
563 1334
564 1306
564 1307
564 1308
564 1309
564 1333
564 1334
564 1335
565 1308
565 1309
565 1310
565 1311
565 1334
565 1335
566 1309
566 1310
566 1311
566 1312
566 1335
566 1336
567 1310
567 1311
567 1312
567 1313
567 1336
567 1337
568 1312
568 1313
568 1314
568 1337
568 1338
569 1313
569 1314
569 1315
569 1316
569 1337
569 1338
569 1339
570 1314
570 1315
570 1316
570 1317
570 1338
570 1339
570 1340
571 1316
571 1317
571 1318
571 1339
571 1340
572 1317
572 1318
572 1319
572 1340
572 1341
573 1318
573 1319
573 1320
573 1341
573 1342
574 1320
574 1321
574 1322
574 1342
574 1343
575 1321
575 1322
575 1323
575 1343
575 1344
576 1322
576 1323
576 1324
576 1344
576 1345
577 1323
577 1324
577 1325
577 1345
577 1346
578 1325
578 1326
578 1346
578 1347
579 1326
579 1327
579 1346
579 1347
579 1348
580 1327
580 1328
580 1347
580 1348
581 1328
581 1329
581 1330
581 1348
581 1349
582 1329
582 1330
582 1331
582 1349
582 1350
583 1330
583 1331
583 1332
583 1350
583 1351
584 1331
584 1332
584 1333
584 1351
584 1352
585 1332
585 1333
585 1334
585 1352
585 1353
586 1334
586 1335
586 1353
586 1354
587 1335
587 1336
587 1354
587 1355
588 1336
588 1337
588 1355
588 1356
589 1337
589 1338
589 1356
589 1357
590 1338
590 1339
590 1357
590 1358
591 1339
591 1340
591 1358
591 1359
592 1340
592 1341
592 1359
592 1360
593 1341
593 1342
593 1360
593 1361
594 1342
594 1343
594 1361
594 1362
595 1343
595 1344
595 1362
595 1363
596 1343
596 1344
596 1345
596 1363
596 1364
597 1344
597 1345
597 1346
597 1363
597 1364
597 1365
598 1345
598 1346
598 1364
598 1365
598 1366
599 1346
599 1347
599 1365
599 1366
599 1367
600 1347
600 1348
600 1366
600 1367
600 1368
601 1348
601 1349
601 1367
601 1368
601 1369
602 1349
602 1350
602 1368
602 1369
603 1350
603 1351
603 1369
603 1370
604 1351
604 1352
604 1370
604 1371
605 1352
605 1353
605 1371
605 1372
606 1353
606 1354
606 1372
606 1373
607 1354
607 1355
607 1373
607 1374
608 1355
608 1356
608 1374
608 1375
609 1356
609 1357
609 1375
609 1376
610 1357
610 1358
610 1376
610 1377
611 1358
611 1359
611 1377
611 1378
612 1358
612 1359
612 1360
612 1378
612 1379
613 1359
613 1360
613 1361
613 1379
613 1380
614 1360
614 1361
614 1380
614 1381
615 1361
615 1362
615 1381
615 1382
616 1362
616 1363
616 1381
616 1382
616 1383
617 1363
617 1364
617 1382
617 1383
618 1364
618 1365
618 1383
618 1384
619 1365
619 1366
619 1384
619 1385
620 1366
620 1367
620 1385
620 1386
621 1367
621 1368
621 1386
621 1387
622 1368
622 1369
622 1387
622 1388
623 1369
623 1370
623 1388
623 1389
624 1370
624 1371
624 1389
624 1390
625 1371
625 1372
625 1390
625 1391
626 1372
626 1373
626 1391
626 1392
627 1373
627 1374
627 1391
627 1392
628 1374
628 1375
628 1392
628 1393
629 1375
629 1376
629 1393
629 1394
630 1376
630 1377
630 1394
630 1395
631 1377
631 1378
631 1395
631 1396
632 1378
632 1379
632 1396
632 1397
633 1379
633 1380
633 1397
633 1398
634 1380
634 1381
634 1398
634 1399
635 1381
635 1382
635 1399
635 1400
636 1382
636 1383
636 1400
636 1401
637 1383
637 1384
637 1401
638 1384
638 1385
638 1401
638 1402
639 1385
639 1386
639 1402
639 1403
640 1386
640 1387
640 1403
640 1404
641 1387
641 1388
641 1404
641 1405
642 1388
642 1389
642 1405
642 1406
643 1389
643 1390
643 1406
643 1407
644 1390
644 1391
644 1407
644 1408
645 1391
645 1392
645 1408
645 1409
646 1392
646 1393
646 1409
646 1410
647 1393
647 1394
647 1410
647 1411
648 1394
648 1395
648 1411
648 1412
649 1395
649 1396
649 1412
650 1396
650 1412
650 1413
651 1396
651 1397
651 1413
651 1414
652 1397
652 1398
652 1414
652 1415
653 1398
653 1399
653 1415
653 1416
654 1399
654 1400
654 1416
654 1417
655 1400
655 1401
655 1417
655 1418
656 1401
656 1402
656 1418
656 1419
657 1402
657 1403
657 1419
657 1420
658 1403
658 1404
658 1420
658 1421
659 1404
659 1405
659 1421
659 1422
660 1405
660 1406
660 1422
661 1406
661 1407
661 1423
662 1407
662 1423
662 1424
663 1407
663 1408
663 1424
663 1425
664 1408
664 1409
664 1425
664 1426
665 1409
665 1410
665 1426
665 1427
666 1410
666 1411
666 1427
666 1428
667 1411
667 1412
667 1428
667 1429
668 1412
668 1413
668 1429
668 1430
669 1413
669 1414
669 1430
669 1431
670 1414
670 1415
670 1431
670 1432
671 1415
671 1416
671 1432
672 1416
672 1417
672 1432
672 1433
673 1417
673 1433
673 1434
674 1417
674 1418
674 1434
674 1435
675 1418
675 1419
675 1435
675 1436
676 1419
676 1420
676 1436
676 1437
677 1420
677 1421
677 1437
677 1438
678 1421
678 1422
678 1438
678 1439
679 1422
679 1423
679 1439
679 1440
680 1423
680 1424
680 1440
681 1424
681 1425
681 1440
681 1441
682 1425
682 1426
682 1441
682 1442
683 1426
683 1427
683 1442
683 1443
684 1427
684 1443
684 1444
685 1427
685 1428
685 1444
685 1445
686 1428
686 1429
686 1445
686 1446
687 1429
687 1430
687 1446
687 1447
688 1430
688 1431
688 1447
689 1431
689 1432
689 1447
689 1448
690 1432
690 1433
690 1448
690 1449
691 1433
691 1434
691 1449
691 1450
692 1434
692 1435
692 1450
692 1451
693 1435
693 1436
693 1451
693 1452
694 1436
694 1452
694 1453
695 1437
695 1453
696 1437
696 1438
696 1454
697 1438
697 1439
697 1454
697 1455
698 1439
698 1440
698 1455
698 1456
699 1440
699 1441
699 1456
699 1457
700 1441
700 1442
700 1457
700 1458
701 1442
701 1443
701 1458
702 1443
702 1444
702 1459
703 1444
703 1445
703 1459
703 1460
704 1445
704 1460
704 1461
705 1446
705 1461
705 1462
706 1446
706 1447
706 1462
706 1463
707 1447
707 1448
707 1463
707 1464
708 1448
708 1449
708 1464
709 1449
709 1450
709 1465
710 1450
710 1451
710 1465
710 1466
711 1451
711 1452
711 1466
711 1467
712 1452
712 1467
712 1468
713 1453
713 1468
713 1469
714 1453
714 1454
714 1469
714 1470
715 1454
715 1455
715 1470
715 1471
716 1455
716 1456
716 1471
717 1456
717 1457
717 1472
718 1457
718 1458
718 1472
718 1473
719 1458
719 1459
719 1473
719 1474
720 1459
720 1474
720 1475
721 1460
721 1475
721 1476
722 1460
722 1461
722 1476
722 1477
723 1461
723 1462
723 1477
723 1478
724 1462
724 1463
724 1478
724 1479
725 1463
725 1464
725 1479
725 1480
726 1464
726 1480
727 1465
727 1480
727 1481
728 1465
728 1466
728 1481
728 1482
729 1466
729 1467
729 1482
729 1483
730 1467
730 1468
730 1483
730 1484
731 1468
731 1469
731 1484
731 1485
732 1469
732 1470
732 1485
732 1486
733 1470
733 1486
733 1487
734 1470
734 1471
734 1487
734 1488
735 1471
735 1472
735 1488
735 1489
736 1472
736 1473
736 1489
736 1490
737 1473
737 1474
737 1490
737 1491
738 1474
738 1475
738 1491
738 1492
739 1475
739 1492
739 1493
740 1475
740 1476
740 1493
740 1494
741 1476
741 1477
741 1494
741 1495
741 1496
742 1477
742 1478
742 1495
742 1496
742 1497
743 1478
743 1479
743 1496
743 1497
743 1498
744 1479
744 1497
744 1498
744 1499
745 1479
745 1480
745 1498
745 1499
745 1500
746 1480
746 1481
746 1500
746 1501
747 1481
747 1482
747 1501
747 1502
747 1503
748 1482
748 1483
748 1502
748 1503
748 1504
749 1483
749 1484
749 1503
749 1504
749 1505
750 1483
750 1484
750 1504
750 1505
750 1506
751 1484
751 1485
751 1505
751 1506
751 1507
752 1485
752 1486
752 1507
752 1508
753 1486
753 1487
753 1508
753 1509
754 1487
754 1488
754 1509
754 1510
754 1511
755 1487
755 1488
755 1510
755 1511
755 1512
756 1488
756 1489
756 1511
756 1512
756 1513
757 1489
757 1490
757 1512
757 1513
757 1514
758 1490
758 1491
758 1513
758 1514
758 1515
759 1490
759 1491
759 1492
759 1514
759 1515
759 1516
760 1491
760 1492
760 1515
760 1516
760 1517
761 1492
761 1493
761 1516
761 1517
761 1518
761 1519
762 1493
762 1494
762 1517
762 1518
762 1519
762 1520
763 1494
763 1495
763 1519
763 1520
763 1521
763 1522
764 1494
764 1495
764 1496
764 1520
764 1521
764 1522
764 1523
765 1495
765 1496
765 1497
765 1521
765 1522
765 1523
765 1524
765 1525
766 1496
766 1497
766 1523
766 1524
766 1525
766 1526
766 1527
767 1497
767 1498
767 1524
767 1525
767 1526
767 1527
767 1528
767 1529
768 1498
768 1499
768 1526
768 1527
768 1528
768 1529
768 1530
768 1531
768 1532
769 1498
769 1499
769 1500
769 1528
769 1529
769 1530
769 1531
769 1532
769 1533
769 1534
769 1535
770 1499
770 1500
770 1501
770 1530
770 1531
770 1532
770 1533
770 1534
770 1535
770 1536
770 1537
770 1538
771 1500
771 1501
771 1502
771 1532
771 1533
771 1534
771 1535
771 1536
771 1537
771 1538
771 1539
771 1540
771 1541
772 1501
772 1502
772 1503
772 1535
772 1536
772 1537
772 1538
772 1539
772 1540
772 1541
772 1542
772 1543
772 1544
773 1502
773 1503
773 1538
773 1539
773 1540
773 1541
773 1542
773 1543
773 1544
773 1545
773 1546
773 1547
774 1502
774 1503
774 1504
774 1540
774 1541
774 1542
774 1543
774 1544
774 1545
774 1546
774 1547
774 1548
774 1549
775 1503
775 1504
775 1505
775 1543
775 1544
775 1545
775 1546
775 1547
775 1548
775 1549
775 1550
775 1551
776 1504
776 1505
776 1506
776 1546
776 1547
776 1548
776 1549
776 1550
776 1551
776 1552
776 1553
777 1505
777 1506
777 1548
777 1549
777 1550
777 1551
777 1552
777 1553
777 1554
777 1555
778 1505
778 1506
778 1507
778 1551
778 1552
778 1553
778 1554
778 1555
778 1556
779 1506
779 1507
779 1508
779 1552
779 1553
779 1554
779 1555
779 1556
779 1557
780 1507
780 1508
780 1554
780 1555
780 1556
780 1557
780 1558
780 2572
780 2573
780 2574
780 2575
780 2576
781 1507
781 1508
781 1509
781 1555
781 1556
781 1557
781 1558
781 1559
781 2570
781 2571
781 2572
781 2573
781 2574
781 2575
781 2576
781 2577
782 1508
782 1509
782 1510
782 1556
782 1557
782 1558
782 1559
782 1560
782 2570
782 2571
782 2572
782 2573
782 2574
782 2575
782 2576
782 2577
782 2578
783 1509
783 1510
783 1558
783 1559
783 1560
783 1561
783 2569
783 2570
783 2571
783 2572
783 2573
783 2574
783 2575
783 2576
783 2577
783 2578
783 2579
784 1509
784 1510
784 1511
784 1559
784 1560
784 1561
784 1562
784 2569
784 2570
784 2571
784 2572
784 2576
784 2577
784 2578
784 2579
784 2580
785 1510
785 1511
785 1512
785 1560
785 1561
785 1562
785 1563
785 2568
785 2569
785 2570
785 2571
785 2578
785 2579
785 2580
786 1510
786 1511
786 1512
786 1560
786 1561
786 1562
786 1563
786 2568
786 2569
786 2570
786 2579
786 2580
786 2581
787 1511
787 1512
787 1513
787 1561
787 1562
787 1563
787 1564
787 2568
787 2569
787 2570
787 2579
787 2580
787 2581
788 1511
788 1512
788 1513
788 1562
788 1563
788 1564
788 1565
788 2567
788 2568
788 2569
788 2580
788 2581
789 1512
789 1513
789 1514
789 1563
789 1564
789 1565
789 2567
789 2568
789 2569
789 2580
789 2581
789 2582
790 1512
790 1513
790 1514
790 1563
790 1564
790 1565
790 1566
790 2567
790 2568
790 2569
790 2581
790 2582
791 1513
791 1514
791 1515
791 1564
791 1565
791 1566
791 2567
791 2568
791 2569
791 2581
791 2582
792 1513
792 1514
792 1515
792 1565
792 1566
792 1567
792 2567
792 2568
792 2582
792 2583
793 1514
793 1515
793 1516
793 1565
793 1566
793 1567
793 1568
793 2567
793 2568
793 2582
793 2583
794 1514
794 1515
794 1516
794 1566
794 1567
794 1568
794 2567
794 2568
794 2582
794 2583
795 1515
795 1516
795 1517
795 1566
795 1567
795 1568
795 1569
795 2567
795 2568
795 2583
795 2584
796 1515
796 1516
796 1517
796 1567
796 1568
796 1569
796 2567
796 2568
796 2583
796 2584
797 1516
797 1517
797 1518
797 1567
797 1568
797 1569
797 2567
797 2568
797 2583
797 2584
798 1516
798 1517
798 1518
798 1519
798 1568
798 1569
798 1570
798 2567
798 2568
798 2583
798 2584
799 1517
799 1518
799 1519
799 1568
799 1569
799 1570
799 2567
799 2568
799 2584
799 2585
800 1517
800 1518
800 1519
800 1520
800 1569
800 1570
800 1571
800 2567
800 2568
800 2569
800 2584
800 2585
801 1517
801 1518
801 1519
801 1520
801 1569
801 1570
801 1571
801 2568
801 2569
801 2584
801 2585
802 1518
802 1519
802 1520
802 1521
802 1569
802 1570
802 1571
802 2568
802 2569
802 2585
803 1518
803 1519
803 1520
803 1521
803 1522
803 1570
803 1571
803 1572
803 2568
803 2569
803 2585
803 2586
804 1519
804 1520
804 1521
804 1522
804 1570
804 1571
804 1572
804 2568
804 2569
804 2585
804 2586
805 1520
805 1521
805 1522
805 1523
805 1570
805 1571
805 1572
805 2568
805 2569
805 2585
805 2586
806 1520
806 1521
806 1522
806 1523
806 1524
806 1570
806 1571
806 1572
806 2569
806 2570
806 2586
806 2587
807 1521
807 1522
807 1523
807 1524
807 1525
807 1571
807 1572
807 1573
807 2569
807 2570
807 2586
807 2587
808 1521
808 1522
808 1523
808 1524
808 1525
808 1571
808 1572
808 1573
808 2569
808 2570
808 2586
808 2587
809 1522
809 1523
809 1524
809 1525
809 1526
809 1571
809 1572
809 1573
809 2570
809 2571
809 2587
809 2588
810 1523
810 1524
810 1525
810 1526
810 1527
810 1528
810 1571
810 1572
810 1573
810 2570
810 2571
810 2587
810 2588
811 1524
811 1525
811 1526
811 1527
811 1528
811 1529
811 1571
811 1572
811 1573
811 2570
811 2571
811 2587
811 2588
812 1525
812 1526
812 1527
812 1528
812 1529
812 1530
812 1531
812 1571
812 1572
812 1573
812 2571
812 2572
812 2588
812 2589
813 1526
813 1527
813 1528
813 1529
813 1530
813 1531
813 1532
813 1533
813 1571
813 1572
813 1573
813 2571
813 2572
813 2588
813 2589
814 1527
814 1528
814 1529
814 1530
814 1531
814 1532
814 1533
814 1534
814 1535
814 1571
814 1572
814 1573
814 2572
814 2573
814 2589
815 1528
815 1529
815 1530
815 1531
815 1532
815 1533
815 1534
815 1535
815 1536
815 1537
815 1538
815 1571
815 1572
815 1573
815 2572
815 2573
815 2589
815 2590
816 1530
816 1531
816 1532
816 1533
816 1534
816 1535
816 1536
816 1537
816 1538
816 1539
816 1540
816 1541
816 1570
816 1571
816 1572
816 1573
816 2573
816 2589
816 2590
817 1532
817 1533
817 1534
817 1535
817 1536
817 1537
817 1538
817 1539
817 1540
817 1541
817 1542
817 1543
817 1544
817 1545
817 1569
817 1570
817 1571
817 1572
817 1573
817 2573
817 2574
817 2590
817 2591
818 1535
818 1536
818 1537
818 1538
818 1539
818 1540
818 1541
818 1542
818 1543
818 1544
818 1545
818 1546
818 1547
818 1548
818 1549
818 1568
818 1569
818 1570
818 1571
818 1572
818 2574
818 2590
818 2591
819 1538
819 1539
819 1540
819 1541
819 1542
819 1543
819 1544
819 1545
819 1546
819 1547
819 1548
819 1549
819 1550
819 1551
819 1552
819 1553
819 1567
819 1568
819 1569
819 1570
819 1571
819 2574
819 2575
819 2591
819 2592
820 1542
820 1543
820 1544
820 1545
820 1546
820 1547
820 1548
820 1549
820 1550
820 1551
820 1552
820 1553
820 1554
820 1555
820 1556
820 1557
820 1558
820 1559
820 1560
820 1561
820 1562
820 1563
820 1564
820 1565
820 1566
820 1567
820 1568
820 1569
820 1570
820 1571
820 2575
820 2576
820 2591
820 2592
821 1546
821 1547
821 1548
821 1549
821 1550
821 1551
821 1552
821 1553
821 1554
821 1555
821 1556
821 1557
821 1558
821 1559
821 1560
821 1561
821 1562
821 1563
821 1564
821 1565
821 1566
821 1567
821 1568
821 1569
821 1570
821 2575
821 2576
821 2592
821 2593
822 1552
822 1553
822 1554
822 1555
822 1556
822 1557
822 1558
822 1559
822 1560
822 1561
822 1562
822 1563
822 1564
822 1565
822 1566
822 1567
822 1568
822 2576
822 2577
822 2592
822 2593
823 1558
823 1559
823 1560
823 1561
823 1562
823 1563
823 1564
823 1565
823 2576
823 2577
823 2593
823 2594
824 2577
824 2578
824 2593
824 2594
825 2578
825 2579
825 2594
825 2595
826 2578
826 2579
826 2595
827 2579
827 2580
827 2595
827 2596
828 2580
828 2596
828 2597
829 2580
829 2581
829 2597
830 2581
830 2582
830 2597
830 2598
831 2582
831 2583
831 2598
831 2599
832 2582
832 2583
832 2599
833 2583
833 2584
833 2599
833 2600
834 2584
834 2585
834 2600
834 2601
835 2585
835 2601
836 2585
836 2586
836 2601
836 2602
837 2586
837 2587
837 2602
837 2603
838 2587
838 2588
838 2603
838 2604
839 2587
839 2588
839 2604
840 2588
840 2589
840 2604
840 2605
841 2589
841 2590
841 2605
841 2606
842 2590
842 2606
842 2607
843 2590
843 2591
843 2607
843 2608
844 2591
844 2592
844 2607
844 2608
845 2592
845 2593
845 2608
845 2609
846 2593
846 2609
846 2610
847 2593
847 2594
847 2610
847 2611
848 2594
848 2595
848 2611
848 2612
849 2595
849 2596
849 2611
849 2612
849 2613
850 2596
850 2612
850 2613
851 2596
851 2597
851 2613
851 2614
852 2597
852 2598
852 2614
852 2615
853 2598
853 2599
853 2615
853 2616
854 2598
854 2599
854 2616
854 2617
855 2599
855 2600
855 2617
855 2618
856 2600
856 2601
856 2617
856 2618
856 2619
857 2601
857 2618
857 2619
858 2601
858 2602
858 2619
858 2620
859 2602
859 2603
859 2620
859 2621
860 2603
860 2604
860 2621
860 2622
861 2603
861 2604
861 2622
861 2623
862 2604
862 2605
862 2622
862 2623
862 2624
863 2605
863 2606
863 2623
863 2624
864 2605
864 2606
864 2624
864 2625
865 2606
865 2607
865 2625
865 2626
866 2607
866 2608
866 2625
866 2626
866 2627
867 2607
867 2608
867 2626
867 2627
868 2608
868 2609
868 2627
868 2628
869 2609
869 2610
869 2627
869 2628
869 2629
870 2609
870 2610
870 2628
870 2629
871 2610
871 2611
871 2629
871 2630
872 2610
872 2611
872 2629
872 2630
873 2611
873 2612
873 2630
873 2631
874 2611
874 2612
874 2630
874 2631
874 2632
875 2612
875 2613
875 2631
875 2632
876 2612
876 2613
876 2631
876 2632
876 2633
877 2613
877 2614
877 2632
877 2633
878 2613
878 2614
878 2632
878 2633
879 2614
879 2615
879 2633
879 2634
880 2614
880 2615
880 2633
880 2634
881 2615
881 2616
881 2634
881 2635
882 2615
882 2616
882 2634
882 2635
883 2615
883 2616
883 2617
883 2635
883 2636
884 2616
884 2617
884 2635
884 2636
885 2616
885 2617
885 2636
885 2637
886 2617
886 2618
886 2636
886 2637
887 2617
887 2618
887 2636
887 2637
888 2618
888 2619
888 2637
888 2638
889 2618
889 2619
889 2637
889 2638
890 2618
890 2619
890 2638
890 2639
891 2619
891 2620
891 2638
891 2639
892 2619
892 2620
892 2638
892 2639
893 2619
893 2620
893 2621
893 2639
893 2640
894 2620
894 2621
894 2639
894 2640
895 2620
895 2621
895 2639
895 2640
896 2621
896 2622
896 2639
896 2640
897 2621
897 2622
897 2640
897 2641
898 2621
898 2622
898 2640
898 2641
899 2622
899 2623
899 2640
899 2641
900 2622
900 2623
900 2640
900 2641
901 2622
901 2623
901 2624
901 2640
901 2641
901 2642
902 2623
902 2624
902 2641
902 2642
903 2623
903 2624
903 2641
903 2642
904 2623
904 2624
904 2625
904 2641
904 2642
905 2624
905 2625
905 2641
905 2642
906 2624
906 2625
906 2626
906 2641
906 2642
907 2625
907 2626
907 2641
907 2642
908 2625
908 2626
908 2627
908 2640
908 2641
908 2642
909 2625
909 2626
909 2627
909 2640
909 2641
909 2642
910 2626
910 2627
910 2628
910 2640
910 2641
910 2642
911 2626
911 2627
911 2628
911 2629
911 2639
911 2640
911 2641
912 2627
912 2628
912 2629
912 2639
912 2640
912 2641
913 2628
913 2629
913 2630
913 2638
913 2639
913 2640
914 2628
914 2629
914 2630
914 2631
914 2632
914 2636
914 2637
914 2638
914 2639
914 2640
915 2629
915 2630
915 2631
915 2632
915 2633
915 2634
915 2635
915 2636
915 2637
915 2638
915 2639
916 2630
916 2631
916 2632
916 2633
916 2634
916 2635
916 2636
916 2637
916 2638
917 2632
917 2633
917 2634
917 2635
917 2636
917 2637
1522 2573
1522 2574
1522 2575
1522 2576
1522 2577
1523 2572
1523 2573
1523 2574
1523 2575
1523 2576
1523 2577
1523 2578
1524 2571
1524 2572
1524 2573
1524 2574
1524 2575
1524 2576
1524 2577
1524 2578
1524 2579
1525 2571
1525 2572
1525 2573
1525 2574
1525 2575
1525 2576
1525 2577
1525 2578
1525 2579
1525 2580
1526 2570
1526 2571
1526 2572
1526 2573
1526 2574
1526 2575
1526 2576
1526 2577
1526 2578
1526 2579
1526 2580
1527 2570
1527 2571
1527 2572
1527 2573
1527 2577
1527 2578
1527 2579
1527 2580
1527 2581
1528 2569
1528 2570
1528 2571
1528 2572
1528 2578
1528 2579
1528 2580
1528 2581
1529 2569
1529 2570
1529 2571
1529 2572
1529 2579
1529 2580
1529 2581
1530 2569
1530 2570
1530 2571
1530 2580
1530 2581
1530 2582
1531 2569
1531 2570
1531 2571
1531 2580
1531 2581
1531 2582
1532 2568
1532 2569
1532 2570
1532 2580
1532 2581
1532 2582
1533 2568
1533 2569
1533 2570
1533 2581
1533 2582
1534 2568
1534 2569
1534 2570
1534 2581
1534 2582
1535 2568
1535 2569
1535 2570
1535 2581
1535 2582
1535 2583
1536 2568
1536 2569
1536 2570
1536 2581
1536 2582
1536 2583
1537 2568
1537 2569
1537 2582
1537 2583
1538 2568
1538 2569
1538 2582
1538 2583
1539 2568
1539 2569
1539 2582
1539 2583
1540 2568
1540 2569
1540 2582
1540 2583
1541 2567
1541 2568
1541 2569
1541 2582
1541 2583
1542 2567
1542 2568
1542 2569
1542 2582
1542 2583
1542 2584
1543 2567
1543 2568
1543 2569
1543 2583
1543 2584
1544 2567
1544 2568
1544 2583
1544 2584
1545 2567
1545 2568
1545 2583
1545 2584
1546 2567
1546 2568
1546 2583
1546 2584
1547 2567
1547 2568
1547 2583
1547 2584
1548 2567
1548 2568
1548 2583
1548 2584
1549 2567
1549 2568
1549 2583
1549 2584
1550 2567
1550 2568
1550 2583
1550 2584
1551 2567
1551 2568
1551 2583
1551 2584
1552 2567
1552 2568
1552 2584
1553 2567
1553 2568
1553 2584
1553 2585
1554 2567
1554 2568
1554 2584
1554 2585
1555 2567
1555 2568
1555 2584
1555 2585
1556 2567
1556 2568
1556 2584
1556 2585
1557 2567
1557 2568
1557 2584
1557 2585
1558 2567
1558 2568
1558 2584
1558 2585
1559 2567
1559 2568
1559 2584
1559 2585
1560 2567
1560 2568
1560 2584
1560 2585
1561 2567
1561 2568
1561 2584
1561 2585
1562 2567
1562 2568
1562 2584
1562 2585
1563 2567
1563 2568
1563 2584
1563 2585
1564 2567
1564 2568
1564 2584
1564 2585
1565 2567
1565 2568
1565 2569
1565 2584
1565 2585
1566 2568
1566 2569
1566 2583
1566 2584
1567 2568
1567 2569
1567 2583
1567 2584
1568 2568
1568 2569
1568 2570
1568 2583
1568 2584
1569 2569
1569 2570
1569 2582
1569 2583
1569 2584
1570 2569
1570 2570
1570 2571
1570 2581
1570 2582
1570 2583
1571 2570
1571 2571
1571 2572
1571 2580
1571 2581
1571 2582
1571 2583
1572 2571
1572 2572
1572 2573
1572 2574
1572 2575
1572 2578
1572 2579
1572 2580
1572 2581
1572 2582
1573 2572
1573 2573
1573 2574
1573 2575
1573 2576
1573 2577
1573 2578
1573 2579
1573 2580
1573 2581
1574 2573
1574 2574
1574 2575
1574 2576
1574 2577
1574 2578
1574 2579
1574 2580
2296 2346
2296 2347
2296 2348
2296 2349
2296 2350
2296 2351
2296 2352
2296 2353
2296 2354
2296 2355
2296 2356
2296 2357
2296 2358
2296 2359
2296 2360
2296 2361
2296 2362
2296 2363
2296 2364
2296 2365
2296 2366
2296 2367
2296 2368
2296 2369
2296 2370
2296 2371
2296 2372
2296 2373
2296 2374
2296 2375
2296 2376
2296 2377
2296 2378
2296 2379
2296 2380
2296 2381
2296 2382
2296 2383
2296 2384
2296 2385
2296 2386
2296 2387
2296 2388
2296 2389
2296 2390
2296 2391
2296 2392
2296 2393
2296 2394
2296 2395
2296 2396
2296 2397
2296 2398
2297 2347
2297 2348
2297 2349
2297 2350
2297 2351
2297 2352
2297 2353
2297 2354
2297 2355
2297 2356
2297 2357
2297 2358
2297 2359
2297 2360
2297 2361
2297 2362
2297 2363
2297 2364
2297 2365
2297 2366
2297 2367
2297 2368
2297 2369
2297 2370
2297 2371
2297 2372
2297 2373
2297 2374
2297 2375
2297 2376
2297 2377
2297 2378
2297 2379
2297 2380
2297 2381
2297 2382
2297 2383
2297 2384
2297 2385
2297 2386
2297 2387
2297 2388
2297 2389
2297 2390
2297 2391
2297 2392
2297 2393
2297 2394
2297 2395
2297 2396
2297 2397
2297 2398
2297 2399
2297 2400
2297 2401
2297 2402
2297 2403
2298 2348
2298 2349
2298 2350
2298 2351
2298 2352
2298 2353
2298 2354
2298 2355
2298 2356
2298 2357
2298 2358
2298 2359
2298 2360
2298 2361
2298 2362
2298 2363
2298 2364
2298 2365
2298 2366
2298 2367
2298 2368
2298 2369
2298 2370
2298 2371
2298 2372
2298 2373
2298 2374
2298 2375
2298 2376
2298 2377
2298 2378
2298 2379
2298 2380
2298 2381
2298 2382
2298 2383
2298 2384
2298 2385
2298 2386
2298 2387
2298 2388
2298 2389
2298 2390
2298 2391
2298 2392
2298 2393
2298 2394
2298 2395
2298 2396
2298 2397
2298 2398
2298 2399
2298 2400
2298 2401
2298 2402
2298 2403
2298 2404
2298 2405
2298 2406
2299 2349
2299 2350
2299 2351
2299 2352
2299 2353
2299 2354
2299 2355
2299 2356
2299 2357
2299 2358
2299 2359
2299 2360
2299 2361
2299 2362
2299 2363
2299 2364
2299 2365
2299 2366
2299 2367
2299 2368
2299 2369
2299 2370
2299 2371
2299 2372
2299 2373
2299 2374
2299 2375
2299 2376
2299 2377
2299 2378
2299 2379
2299 2380
2299 2381
2299 2382
2299 2383
2299 2384
2299 2385
2299 2386
2299 2387
2299 2388
2299 2389
2299 2390
2299 2391
2299 2392
2299 2393
2299 2394
2299 2395
2299 2396
2299 2397
2299 2398
2299 2399
2299 2400
2299 2401
2299 2402
2299 2403
2299 2404
2299 2405
2299 2406
2299 2407
2299 2408
2300 2402
2300 2403
2300 2404
2300 2405
2300 2406
2300 2407
2300 2408
2300 2409
2300 2410
2301 2405
2301 2406
2301 2407
2301 2408
2301 2409
2301 2410
2301 2411
2301 2412
2302 2408
2302 2409
2302 2410
2302 2411
2302 2412
2302 2413
2303 2409
2303 2410
2303 2411
2303 2412
2303 2413
2303 2414
2304 2411
2304 2412
2304 2413
2304 2414
2304 2415
2304 2416
2305 2412
2305 2413
2305 2414
2305 2415
2305 2416
2305 2417
2306 2413
2306 2414
2306 2415
2306 2416
2306 2417
2307 2414
2307 2415
2307 2416
2307 2417
2307 2418
2308 2415
2308 2416
2308 2417
2308 2418
2308 2419
2309 2416
2309 2417
2309 2418
2309 2419
2309 2420
2310 2417
2310 2418
2310 2419
2310 2420
2311 2417
2311 2418
2311 2419
2311 2420
2311 2421
2312 2418
2312 2419
2312 2420
2312 2421
2313 2419
2313 2420
2313 2421
2313 2422
2314 2419
2314 2420
2314 2421
2314 2422
2315 2420
2315 2421
2315 2422
2315 2423
2316 2420
2316 2421
2316 2422
2316 2423
2317 2421
2317 2422
2317 2423
2317 2424
2318 2421
2318 2422
2318 2423
2318 2424
2319 2422
2319 2423
2319 2424
2320 2422
2320 2423
2320 2424
2320 2425
2321 2422
2321 2423
2321 2424
2321 2425
2322 2423
2322 2424
2322 2425
2323 2423
2323 2424
2323 2425
2323 2426
2324 2423
2324 2424
2324 2425
2324 2426
2325 2423
2325 2424
2325 2425
2325 2426
2326 2423
2326 2424
2326 2425
2326 2426
2327 2423
2327 2424
2327 2425
2327 2426
2328 2423
2328 2424
2328 2425
2328 2426
2329 2423
2329 2424
2329 2425
2329 2426
2330 2423
2330 2424
2330 2425
2330 2426
2331 2423
2331 2424
2331 2425
2331 2426
2332 2423
2332 2424
2332 2425
2332 2426
2333 2423
2333 2424
2333 2425
2333 2426
2334 2423
2334 2424
2334 2425
2334 2426
2335 2423
2335 2424
2335 2425
2335 2426
2336 2423
2336 2424
2336 2425
2336 2426
2337 2423
2337 2424
2337 2425
2337 2426
2338 2423
2338 2424
2338 2425
2338 2426
2339 2423
2339 2424
2339 2425
2339 2426
2340 2423
2340 2424
2340 2425
2340 2426
2341 2423
2341 2424
2341 2425
2341 2426
2342 2423
2342 2424
2342 2425
2342 2426
2343 2423
2343 2424
2343 2425
2343 2426
2344 2423
2344 2424
2344 2425
2344 2426
2345 2423
2345 2424
2345 2425
2345 2426
2346 2423
2346 2424
2346 2425
2346 2426
2347 2423
2347 2424
2347 2425
2347 2426
2348 2423
2348 2424
2348 2425
2348 2426
2349 2423
2349 2424
2349 2425
2349 2426
2350 2423
2350 2424
2350 2425
2350 2426
2351 2423
2351 2424
2351 2425
2351 2426
2352 2423
2352 2424
2352 2425
2352 2426
2353 2423
2353 2424
2353 2425
2353 2426
2354 2423
2354 2424
2354 2425
2354 2426
2355 2423
2355 2424
2355 2425
2355 2426
2356 2423
2356 2424
2356 2425
2356 2426
2357 2423
2357 2424
2357 2425
2357 2426
2358 2423
2358 2424
2358 2425
2358 2426
2359 2423
2359 2424
2359 2425
2359 2426
2360 2423
2360 2424
2360 2425
2360 2426
2361 2423
2361 2424
2361 2425
2361 2426
2362 2423
2362 2424
2362 2425
2362 2426
2363 2423
2363 2424
2363 2425
2363 2426
2364 2423
2364 2424
2364 2425
2364 2426
2365 2423
2365 2424
2365 2425
2365 2426
2366 2423
2366 2424
2366 2425
2366 2426
2367 2423
2367 2424
2367 2425
2367 2426
2368 2423
2368 2424
2368 2425
2368 2426
2369 2423
2369 2424
2369 2425
2369 2426
2370 2423
2370 2424
2370 2425
2370 2426
2371 2423
2371 2424
2371 2425
2371 2426
2372 2423
2372 2424
2372 2425
2372 2426
2373 2423
2373 2424
2373 2425
2373 2426
2374 2424
2374 2425
2374 2426
2375 2425
2375 2426
2376 2426
