0 50
0 51
0 52
0 53
0 1005
0 1006
0 1007
0 1008
0 1009
0 1010
0 1011
0 1012
0 1013
0 1014
0 1015
0 1016
0 1017
0 1018
0 1019
0 1020
0 1021
0 1022
1 51
1 52
1 53
1 1005
1 1006
1 1007
1 1008
1 1009
1 1010
1 1011
1 1012
1 1013
1 1014
1 1015
1 1016
1 1017
1 1018
1 1019
1 1020
1 1021
1 1022
1 1023
2 52
2 53
2 1005
2 1006
2 1007
2 1008
2 1009
2 1010
2 1011
2 1012
2 1013
2 1014
2 1015
2 1016
2 1017
2 1018
2 1019
2 1020
2 1021
2 1022
2 1023
3 53
3 1006
3 1007
3 1008
3 1009
3 1010
3 1011
3 1012
3 1013
3 1014
3 1015
3 1016
3 1017
3 1018
3 1019
3 1020
3 1021
3 1022
3 1023
4 1006
4 1007
4 1008
4 1009
4 1010
4 1011
4 1012
4 1013
4 1014
4 1015
4 1016
4 1017
4 1018
4 1019
4 1020
4 1021
4 1022
4 1023
4 1024
5 1006
5 1007
5 1008
5 1009
5 1010
5 1011
5 1012
5 1013
5 1014
5 1015
5 1016
5 1017
5 1018
5 1019
5 1020
5 1021
5 1022
5 1023
5 1024
6 1007
6 1008
6 1009
6 1010
6 1011
6 1012
6 1013
6 1014
6 1015
6 1016
6 1017
6 1018
6 1019
6 1020
6 1021
6 1022
6 1023
6 1024
6 1025
7 1007
7 1008
7 1009
7 1010
7 1011
7 1012
7 1013
7 1014
7 1015
7 1016
7 1017
7 1018
7 1019
7 1020
7 1021
7 1022
7 1023
7 1024
7 1025
8 1007
8 1008
8 1009
8 1010
8 1011
8 1012
8 1013
8 1014
8 1015
8 1016
8 1017
8 1018
8 1019
8 1020
8 1021
8 1022
8 1023
8 1024
8 1025
8 1026
9 1008
9 1009
9 1010
9 1011
9 1012
9 1013
9 1014
9 1015
9 1016
9 1017
9 1018
9 1019
9 1020
9 1021
9 1022
9 1023
9 1024
9 1025
9 1026
9 1027
10 1009
10 1010
10 1011
10 1012
10 1013
10 1014
10 1015
10 1016
10 1017
10 1018
10 1019
10 1020
10 1021
10 1022
10 1023
10 1024
10 1025
10 1026
10 1027
11 1009
11 1010
11 1011
11 1012
11 1013
11 1014
11 1015
11 1016
11 1017
11 1018
11 1019
11 1020
11 1021
11 1022
11 1023
11 1024
11 1025
11 1026
11 1027
11 1028
12 1010
12 1011
12 1012
12 1013
12 1014
12 1015
12 1016
12 1017
12 1018
12 1019
12 1020
12 1021
12 1022
12 1023
12 1024
12 1025
12 1026
12 1027
12 1028
12 1029
13 1011
13 1012
13 1013
13 1014
13 1015
13 1016
13 1017
13 1018
13 1019
13 1020
13 1021
13 1022
13 1023
13 1024
13 1025
13 1026
13 1027
13 1028
13 1029
13 1030
14 1011
14 1012
14 1013
14 1014
14 1015
14 1016
14 1017
14 1018
14 1019
14 1020
14 1021
14 1022
14 1023
14 1024
14 1025
14 1026
14 1027
14 1028
14 1029
14 1030
14 1031
15 1012
15 1013
15 1014
15 1015
15 1016
15 1017
15 1018
15 1019
15 1020
15 1021
15 1022
15 1023
15 1024
15 1025
15 1026
15 1027
15 1028
15 1029
15 1030
15 1031
16 1013
16 1014
16 1015
16 1016
16 1017
16 1018
16 1019
16 1020
16 1021
16 1022
16 1023
16 1024
16 1025
16 1026
16 1027
16 1028
16 1029
16 1030
16 1031
16 1032
17 1014
17 1015
17 1016
17 1017
17 1018
17 1019
17 1020
17 1021
17 1022
17 1023
17 1024
17 1025
17 1026
17 1027
17 1028
17 1029
17 1030
17 1031
17 1032
17 1033
18 1014
18 1015
18 1016
18 1017
18 1018
18 1019
18 1020
18 1021
18 1022
18 1023
18 1024
18 1025
18 1026
18 1027
18 1028
18 1029
18 1030
18 1031
18 1032
18 1033
18 1034
19 1015
19 1016
19 1017
19 1018
19 1019
19 1020
19 1021
19 1022
19 1023
19 1024
19 1025
19 1026
19 1027
19 1028
19 1029
19 1030
19 1031
19 1032
19 1033
19 1034
19 1035
20 1016
20 1017
20 1018
20 1019
20 1020
20 1021
20 1022
20 1023
20 1024
20 1025
20 1026
20 1027
20 1028
20 1029
20 1030
20 1031
20 1032
20 1033
20 1034
20 1035
20 1036
21 1017
21 1018
21 1019
21 1020
21 1021
21 1022
21 1023
21 1024
21 1025
21 1026
21 1027
21 1028
21 1029
21 1030
21 1031
21 1032
21 1033
21 1034
21 1035
21 1036
21 1037
22 1018
22 1019
22 1020
22 1021
22 1022
22 1023
22 1024
22 1025
22 1026
22 1027
22 1028
22 1029
22 1030
22 1031
22 1032
22 1033
22 1034
22 1035
22 1036
22 1037
22 1038
23 1018
23 1019
23 1020
23 1021
23 1022
23 1023
23 1024
23 1025
23 1026
23 1027
23 1028
23 1029
23 1030
23 1031
23 1032
23 1033
23 1034
23 1035
23 1036
23 1037
23 1038
23 1039
24 1019
24 1020
24 1021
24 1022
24 1023
24 1024
24 1025
24 1026
24 1027
24 1028
24 1029
24 1030
24 1031
24 1032
24 1033
24 1034
24 1035
24 1036
24 1037
24 1038
24 1039
25 1020
25 1021
25 1022
25 1023
25 1024
25 1025
25 1026
25 1027
25 1028
25 1029
25 1030
25 1031
25 1032
25 1033
25 1034
25 1035
25 1036
25 1037
25 1038
25 1039
25 1040
26 1021
26 1022
26 1023
26 1024
26 1025
26 1026
26 1027
26 1028
26 1029
26 1030
26 1031
26 1032
26 1033
26 1034
26 1035
26 1036
26 1037
26 1038
26 1039
26 1040
26 1041
27 1022
27 1023
27 1024
27 1025
27 1026
27 1027
27 1028
27 1029
27 1030
27 1031
27 1032
27 1033
27 1034
27 1035
27 1036
27 1037
27 1038
27 1039
27 1040
27 1041
27 1042
28 1023
28 1024
28 1025
28 1026
28 1027
28 1028
28 1029
28 1030
28 1031
28 1032
28 1033
28 1034
28 1035
28 1036
28 1037
28 1038
28 1039
28 1040
28 1041
28 1042
28 1043
29 1023
29 1024
29 1025
29 1026
29 1027
29 1028
29 1029
29 1030
29 1031
29 1032
29 1033
29 1034
29 1035
29 1036
29 1037
29 1038
29 1039
29 1040
29 1041
29 1042
29 1043
29 1044
30 1024
30 1025
30 1026
30 1027
30 1028
30 1029
30 1030
30 1031
30 1032
30 1033
30 1034
30 1035
30 1036
30 1037
30 1038
30 1039
30 1040
30 1041
30 1042
30 1043
30 1044
30 1045
31 1025
31 1026
31 1027
31 1028
31 1029
31 1030
31 1031
31 1032
31 1033
31 1034
31 1035
31 1036
31 1037
31 1038
31 1039
31 1040
31 1041
31 1042
31 1043
31 1044
31 1045
31 1046
32 1026
32 1027
32 1028
32 1029
32 1030
32 1031
32 1032
32 1033
32 1034
32 1035
32 1036
32 1037
32 1038
32 1039
32 1040
32 1041
32 1042
32 1043
32 1044
32 1045
32 1046
32 1047
33 1027
33 1028
33 1029
33 1030
33 1031
33 1032
33 1033
33 1034
33 1035
33 1036
33 1037
33 1038
33 1039
33 1040
33 1041
33 1042
33 1043
33 1044
33 1045
33 1046
33 1047
33 1048
34 1028
34 1029
34 1030
34 1031
34 1032
34 1033
34 1034
34 1035
34 1036
34 1037
34 1038
34 1039
34 1040
34 1041
34 1042
34 1043
34 1044
34 1045
34 1046
34 1047
34 1048
35 1028
35 1029
35 1030
35 1031
35 1032
35 1033
35 1034
35 1035
35 1036
35 1037
35 1038
35 1039
35 1040
35 1041
35 1042
35 1043
35 1044
35 1045
35 1046
35 1047
35 1048
35 1049
36 1029
36 1030
36 1031
36 1032
36 1033
36 1034
36 1035
36 1036
36 1037
36 1038
36 1039
36 1040
36 1041
36 1042
36 1043
36 1044
36 1045
36 1046
36 1047
36 1048
36 1049
36 1050
37 1030
37 1031
37 1032
37 1033
37 1034
37 1035
37 1036
37 1037
37 1038
37 1039
37 1040
37 1041
37 1042
37 1043
37 1044
37 1045
37 1046
37 1047
37 1048
37 1049
37 1050
37 1051
38 1031
38 1032
38 1033
38 1034
38 1035
38 1036
38 1037
38 1038
38 1039
38 1040
38 1041
38 1042
38 1043
38 1044
38 1045
38 1046
38 1047
38 1048
38 1049
38 1050
38 1051
38 1052
39 1032
39 1033
39 1034
39 1035
39 1036
39 1037
39 1038
39 1039
39 1040
39 1041
39 1042
39 1043
39 1044
39 1045
39 1046
39 1047
39 1048
39 1049
39 1050
39 1051
39 1052
39 1053
40 1033
40 1034
40 1035
40 1036
40 1037
40 1038
40 1039
40 1040
40 1041
40 1042
40 1043
40 1044
40 1045
40 1046
40 1047
40 1048
40 1049
40 1050
40 1051
40 1052
40 1053
40 1054
41 1034
41 1035
41 1036
41 1037
41 1038
41 1039
41 1040
41 1041
41 1042
41 1043
41 1044
41 1045
41 1046
41 1047
41 1048
41 1049
41 1050
41 1051
41 1052
41 1053
41 1054
41 1055
42 1035
42 1036
42 1037
42 1038
42 1039
42 1040
42 1041
42 1042
42 1043
42 1044
42 1045
42 1046
42 1047
42 1048
42 1049
42 1050
42 1051
42 1052
42 1053
42 1054
42 1055
42 1056
43 1036
43 1037
43 1038
43 1039
43 1040
43 1041
43 1042
43 1043
43 1044
43 1045
43 1046
43 1047
43 1048
43 1049
43 1050
43 1051
43 1052
43 1053
43 1054
43 1055
43 1056
43 1057
43 1058
44 1037
44 1038
44 1039
44 1040
44 1041
44 1042
44 1043
44 1044
44 1045
44 1046
44 1047
44 1048
44 1049
44 1050
44 1051
44 1052
44 1053
44 1054
44 1055
44 1056
44 1057
44 1058
44 1059
45 1038
45 1039
45 1040
45 1041
45 1042
45 1043
45 1044
45 1045
45 1046
45 1047
45 1048
45 1049
45 1050
45 1051
45 1052
45 1053
45 1054
45 1055
45 1056
45 1057
45 1058
45 1059
45 1060
45 1061
46 1040
46 1041
46 1042
46 1043
46 1044
46 1045
46 1046
46 1047
46 1048
46 1049
46 1050
46 1051
46 1052
46 1053
46 1054
46 1055
46 1056
46 1057
46 1058
46 1059
46 1060
46 1061
46 1062
46 1063
46 1064
46 1065
47 1042
47 1043
47 1044
47 1045
47 1046
47 1047
47 1048
47 1049
47 1050
47 1051
47 1052
47 1053
47 1054
47 1055
47 1056
47 1057
47 1058
47 1059
47 1060
47 1061
47 1062
47 1063
47 1064
47 1065
47 1066
47 1067
47 1068
47 1069
48 1044
48 1045
48 1046
48 1047
48 1048
48 1049
48 1050
48 1051
48 1052
48 1053
48 1054
48 1055
48 1056
48 1057
48 1058
48 1059
48 1060
48 1061
48 1062
48 1063
48 1064
48 1065
48 1066
48 1067
48 1068
48 1069
48 1070
48 1071
48 1072
48 1073
48 1074
48 1075
48 1076
48 1077
48 1088
48 1089
48 1090
48 1091
48 1092
48 1093
48 1094
48 1095
48 1096
48 1097
48 1098
48 1099
48 1100
49 1046
49 1047
49 1048
49 1049
49 1050
49 1051
49 1052
49 1053
49 1054
49 1055
49 1056
49 1057
49 1058
49 1059
49 1060
49 1061
49 1062
49 1063
49 1064
49 1065
49 1066
49 1067
49 1068
49 1069
49 1070
49 1071
49 1072
49 1073
49 1074
49 1075
49 1076
49 1077
49 1078
49 1079
49 1080
49 1081
49 1082
49 1083
49 1084
49 1085
49 1086
49 1087
49 1088
49 1089
49 1090
49 1091
49 1092
49 1093
49 1094
49 1095
49 1096
49 1097
49 1098
49 1099
49 1100
50 1048
50 1049
50 1050
50 1051
50 1052
50 1053
50 1054
50 1055
50 1056
50 1057
50 1058
50 1059
50 1060
50 1061
50 1062
50 1063
50 1064
50 1065
50 1066
50 1067
50 1068
50 1069
50 1070
50 1071
50 1072
50 1073
50 1074
50 1075
50 1076
50 1077
50 1078
50 1079
50 1080
50 1081
50 1082
50 1083
50 1084
50 1085
50 1086
50 1087
50 1088
50 1089
50 1090
50 1091
50 1092
50 1093
50 1094
50 1095
50 1096
50 1097
50 1098
50 1099
50 1100
51 1051
51 1052
51 1053
51 1054
51 1055
51 1056
51 1057
51 1058
51 1059
51 1060
51 1061
51 1062
51 1063
51 1064
51 1065
51 1066
51 1067
51 1068
51 1069
51 1070
51 1071
51 1072
51 1073
51 1074
51 1075
51 1076
51 1077
51 1078
51 1079
51 1080
51 1081
51 1082
51 1083
51 1084
51 1085
51 1086
51 1087
51 1088
51 1089
51 1090
51 1091
51 1092
51 1093
51 1094
51 1095
51 1096
51 1097
51 1098
51 1099
51 1100
52 1053
52 1054
52 1055
52 1056
52 1057
52 1058
52 1059
52 1060
52 1061
52 1062
52 1063
52 1064
52 1065
52 1066
52 1067
52 1068
52 1069
52 1070
52 1071
52 1072
52 1073
52 1074
52 1075
52 1076
52 1077
52 1078
52 1079
52 1080
52 1081
52 1082
52 1083
52 1084
52 1085
52 1086
52 1087
52 1088
52 1089
52 1090
52 1091
52 1092
52 1093
52 1094
52 1095
52 1096
52 1097
52 1098
52 1099
52 1100
53 1057
53 1058
53 1059
53 1060
53 1061
53 1062
53 1063
53 1064
53 1065
53 1066
53 1067
53 1068
53 1069
53 1070
53 1071
53 1072
53 1073
53 1074
53 1075
53 1076
53 1077
53 1078
53 1079
53 1080
53 1081
53 1082
53 1083
53 1084
53 1085
53 1086
53 1087
53 1088
53 1089
53 1090
53 1091
53 1092
53 1093
53 1094
53 1095
53 1096
53 1097
53 1098
53 1099
53 1100
54 1060
54 1061
54 1062
54 1063
54 1064
54 1065
54 1066
54 1067
54 1068
54 1069
54 1070
54 1071
54 1072
54 1073
54 1074
54 1075
54 1076
54 1077
54 1078
54 1079
54 1080
54 1081
54 1082
54 1083
54 1084
54 1085
54 1086
54 1087
54 1088
54 1089
54 1090
54 1091
54 1092
54 1093
54 1094
54 1095
54 1096
54 1097
54 1098
54 1099
54 1100
55 1069
55 1070
55 1071
55 1072
55 1073
55 1074
55 1075
55 1076
55 1077
55 1078
55 1079
55 1080
55 1081
55 1082
55 1083
55 1084
55 1085
55 1086
55 1087
55 1088
55 1089
55 1090
55 1091
55 1092
55 1093
55 1094
55 1095
55 1096
55 1097
55 1098
55 1099
55 1100
56 1081
56 1082
56 1083
56 1084
287 337
288 338
288 339
289 339
289 340
290 340
290 341
290 342
291 341
291 342
291 343
292 342
292 343
292 344
293 343
293 344
293 345
294 344
294 345
294 346
295 345
295 346
295 347
296 346
296 347
296 348
297 347
297 348
298 348
298 349
299 349
620 670
620 671
620 672
620 673
620 674
620 675
620 676
620 677
620 678
620 679
620 680
620 681
620 682
620 683
620 684
620 685
620 686
620 687
620 688
620 689
620 690
620 691
620 692
620 693
620 694
620 695
620 696
620 697
620 698
620 699
620 700
620 701
620 702
620 703
620 704
620 705
620 706
620 707
620 708
620 709
620 710
620 711
620 712
620 713
620 714
620 715
620 716
620 717
620 718
620 719
620 720
620 721
620 722
620 723
620 724
621 671
621 672
621 673
621 674
621 675
621 676
621 677
621 678
621 679
621 680
621 681
621 682
621 683
621 684
621 685
621 686
621 687
621 688
621 689
621 690
621 691
621 692
621 693
621 694
621 695
621 696
621 697
621 698
621 699
621 700
621 701
621 702
621 703
621 704
621 705
621 706
621 707
621 708
621 709
621 710
621 711
621 712
621 713
621 714
621 715
621 716
621 717
621 718
621 719
621 720
621 721
621 722
621 723
621 724
621 725
621 726
621 727
621 728
621 729
621 730
621 731
621 732
621 733
621 734
621 735
622 672
622 673
622 674
622 675
622 676
622 677
622 678
622 679
622 680
622 681
622 682
622 683
622 684
622 685
622 686
622 687
622 688
622 689
622 690
622 691
622 692
622 693
622 694
622 695
622 696
622 697
622 698
622 699
622 700
622 701
622 702
622 703
622 704
622 705
622 706
622 707
622 708
622 709
622 710
622 711
622 712
622 713
622 714
622 715
622 716
622 717
622 718
622 719
622 720
622 721
622 722
622 723
622 724
622 725
622 726
622 727
622 728
622 729
622 730
622 731
622 732
622 733
622 734
622 735
622 736
622 737
622 738
622 739
622 740
623 673
623 674
623 675
623 676
623 677
623 678
623 679
623 680
623 681
623 682
623 683
623 684
623 685
623 686
623 687
623 688
623 689
623 690
623 691
623 692
623 693
623 694
623 695
623 696
623 697
623 698
623 699
623 700
623 701
623 702
623 703
623 704
623 705
623 706
623 707
623 708
623 709
623 710
623 711
623 712
623 713
623 714
623 715
623 716
623 717
623 718
623 719
623 720
623 721
623 722
623 723
623 724
623 725
623 726
623 727
623 728
623 729
623 730
623 731
623 732
623 733
623 734
623 735
623 736
623 737
623 738
623 739
623 740
623 741
623 742
623 743
623 744
624 674
624 675
624 676
624 677
624 678
624 679
624 680
624 681
624 682
624 683
624 684
624 685
624 686
624 687
624 688
624 689
624 690
624 691
624 692
624 693
624 694
624 695
624 696
624 697
624 698
624 699
624 700
624 701
624 702
624 703
624 704
624 705
624 706
624 707
624 708
624 709
624 710
624 711
624 712
624 713
624 714
624 715
624 716
624 717
624 718
624 719
624 720
624 721
624 722
624 723
624 724
624 725
624 726
624 727
624 728
624 729
624 730
624 731
624 732
624 733
624 734
624 735
624 736
624 737
624 738
624 739
624 740
624 741
624 742
624 743
624 744
624 745
624 746
624 747
625 675
625 676
625 677
625 678
625 679
625 680
625 681
625 682
625 683
625 684
625 685
625 686
625 687
625 688
625 689
625 690
625 691
625 692
625 693
625 694
625 695
625 696
625 697
625 698
625 699
625 700
625 701
625 702
625 703
625 704
625 705
625 706
625 707
625 708
625 709
625 710
625 711
625 712
625 713
625 714
625 715
625 716
625 717
625 718
625 719
625 720
625 721
625 722
625 723
625 724
625 725
625 726
625 727
625 728
625 729
625 730
625 731
625 732
625 733
625 734
625 735
625 736
625 737
625 738
625 739
625 740
625 741
625 742
625 743
625 744
625 745
625 746
625 747
625 748
625 749
626 676
626 677
626 678
626 679
626 680
626 681
626 682
626 683
626 684
626 685
626 686
626 687
626 688
626 689
626 690
626 691
626 692
626 693
626 694
626 695
626 696
626 697
626 698
626 699
626 700
626 701
626 702
626 703
626 704
626 705
626 706
626 707
626 708
626 709
626 710
626 711
626 712
626 713
626 714
626 715
626 716
626 717
626 718
626 719
626 720
626 721
626 722
626 723
626 724
626 725
626 726
626 727
626 728
626 729
626 730
626 731
626 732
626 733
626 734
626 735
626 736
626 737
626 738
626 739
626 740
626 741
626 742
626 743
626 744
626 745
626 746
626 747
626 748
626 749
626 750
626 751
627 731
627 732
627 733
627 734
627 735
627 736
627 737
627 738
627 739
627 740
627 741
627 742
627 743
627 744
627 745
627 746
627 747
627 748
627 749
627 750
627 751
627 752
627 753
628 737
628 738
628 739
628 740
628 741
628 742
628 743
628 744
628 745
628 746
628 747
628 748
628 749
628 750
628 751
628 752
628 753
628 754
628 755
629 741
629 742
629 743
629 744
629 745
629 746
629 747
629 748
629 749
629 750
629 751
629 752
629 753
629 754
629 755
629 756
629 757
630 744
630 745
630 746
630 747
630 748
630 749
630 750
630 751
630 752
630 753
630 754
630 755
630 756
630 757
630 758
631 746
631 747
631 748
631 749
631 750
631 751
631 752
631 753
631 754
631 755
631 756
631 757
631 758
631 759
632 748
632 749
632 750
632 751
632 752
632 753
632 754
632 755
632 756
632 757
632 758
632 759
632 760
633 750
633 751
633 752
633 753
633 754
633 755
633 756
633 757
633 758
633 759
633 760
633 761
634 751
634 752
634 753
634 754
634 755
634 756
634 757
634 758
634 759
634 760
634 761
634 762
635 753
635 754
635 755
635 756
635 757
635 758
635 759
635 760
635 761
635 762
635 763
636 754
636 755
636 756
636 757
636 758
636 759
636 760
636 761
636 762
636 763
636 764
637 755
637 756
637 757
637 758
637 759
637 760
637 761
637 762
637 763
637 764
638 755
638 756
638 757
638 758
638 759
638 760
638 761
638 762
638 763
638 764
638 765
639 756
639 757
639 758
639 759
639 760
639 761
639 762
639 763
639 764
639 765
640 757
640 758
640 759
640 760
640 761
640 762
640 763
640 764
640 765
641 757
641 758
641 759
641 760
641 761
641 762
641 763
641 764
641 765
641 766
642 758
642 759
642 760
642 761
642 762
642 763
642 764
642 765
642 766
643 758
643 759
643 760
643 761
643 762
643 763
643 764
643 765
643 766
644 758
644 759
644 760
644 761
644 762
644 763
644 764
644 765
644 766
645 759
645 760
645 761
645 762
645 763
645 764
645 765
645 766
646 759
646 760
646 761
646 762
646 763
646 764
646 765
646 766
647 759
647 760
647 761
647 762
647 763
647 764
647 765
647 766
647 767
648 759
648 760
648 761
648 762
648 763
648 764
648 765
648 766
648 767
649 760
649 761
649 762
649 763
649 764
649 765
649 766
649 767
650 760
650 761
650 762
650 763
650 764
650 765
650 766
650 767
651 760
651 761
651 762
651 763
651 764
651 765
651 766
651 767
652 760
652 761
652 762
652 763
652 764
652 765
652 766
652 767
653 760
653 761
653 762
653 763
653 764
653 765
653 766
653 767
654 761
654 762
654 763
654 764
654 765
654 766
654 767
655 761
655 762
655 763
655 764
655 765
655 766
655 767
656 761
656 762
656 763
656 764
656 765
656 766
656 767
656 768
657 761
657 762
657 763
657 764
657 765
657 766
657 767
657 768
658 761
658 762
658 763
658 764
658 765
658 766
658 767
658 768
659 761
659 762
659 763
659 764
659 765
659 766
659 767
659 768
660 761
660 762
660 763
660 764
660 765
660 766
660 767
660 768
661 761
661 762
661 763
661 764
661 765
661 766
661 767
661 768
662 761
662 762
662 763
662 764
662 765
662 766
662 767
662 768
663 761
663 762
663 763
663 764
663 765
663 766
663 767
663 768
664 761
664 762
664 763
664 764
664 765
664 766
664 767
664 768
665 761
665 762
665 763
665 764
665 765
665 766
665 767
665 768
666 761
666 762
666 763
666 764
666 765
666 766
666 767
666 768
667 761
667 762
667 763
667 764
667 765
667 766
667 767
667 768
668 761
668 762
668 763
668 764
668 765
668 766
668 767
668 768
669 761
669 762
669 763
669 764
669 765
669 766
669 767
669 768
670 761
670 762
670 763
670 764
670 765
670 766
670 767
670 768
671 761
671 762
671 763
671 764
671 765
671 766
671 767
671 768
672 761
672 762
672 763
672 764
672 765
672 766
672 767
672 768
673 761
673 762
673 763
673 764
673 765
673 766
673 767
673 768
674 761
674 762
674 763
674 764
674 765
674 766
674 767
674 768
675 761
675 762
675 763
675 764
675 765
675 766
675 767
675 768
676 761
676 762
676 763
676 764
676 765
676 766
676 767
676 768
677 761
677 762
677 763
677 764
677 765
677 766
677 767
677 768
678 761
678 762
678 763
678 764
678 765
678 766
678 767
678 768
679 761
679 762
679 763
679 764
679 765
679 766
679 767
679 768
680 761
680 762
680 763
680 764
680 765
680 766
680 767
680 768
681 761
681 762
681 763
681 764
681 765
681 766
681 767
681 768
682 761
682 762
682 763
682 764
682 765
682 766
682 767
682 768
683 761
683 762
683 763
683 764
683 765
683 766
683 767
683 768
684 761
684 762
684 763
684 764
684 765
684 766
684 767
684 768
685 761
685 762
685 763
685 764
685 765
685 766
685 767
685 768
686 761
686 762
686 763
686 764
686 765
686 766
686 767
686 768
687 761
687 762
687 763
687 764
687 765
687 766
687 767
687 768
688 761
688 762
688 763
688 764
688 765
688 766
688 767
688 768
689 761
689 762
689 763
689 764
689 765
689 766
689 767
689 768
690 761
690 762
690 763
690 764
690 765
690 766
690 767
690 768
691 761
691 762
691 763
691 764
691 765
691 766
691 767
691 768
692 761
692 762
692 763
692 764
692 765
692 766
692 767
692 768
693 761
693 762
693 763
693 764
693 765
693 766
693 767
693 768
694 761
694 762
694 763
694 764
694 765
694 766
694 767
694 768
695 761
695 762
695 763
695 764
695 765
695 766
695 767
695 768
696 761
696 762
696 763
696 764
696 765
696 766
696 767
696 768
697 761
697 762
697 763
697 764
697 765
697 766
697 767
697 768
698 761
698 762
698 763
698 764
698 765
698 766
698 767
698 768
699 761
699 762
699 763
699 764
699 765
699 766
699 767
699 768
700 761
700 762
700 763
700 764
700 765
700 766
700 767
700 768
701 761
701 762
701 763
701 764
701 765
701 766
701 767
701 768
702 761
702 762
702 763
702 764
702 765
702 766
702 767
702 768
703 761
703 762
703 763
703 764
703 765
703 766
703 767
703 768
704 761
704 762
704 763
704 764
704 765
704 766
704 767
704 768
705 761
705 762
705 763
705 764
705 765
705 766
705 767
705 768
706 761
706 762
706 763
706 764
706 765
706 766
706 767
706 768
707 761
707 762
707 763
707 764
707 765
707 766
707 767
707 768
708 761
708 762
708 763
708 764
708 765
708 766
708 767
708 768
709 761
709 762
709 763
709 764
709 765
709 766
709 767
709 768
710 761
710 762
710 763
710 764
710 765
710 766
710 767
710 768
711 761
711 762
711 763
711 764
711 765
711 766
711 767
711 768
712 762
712 763
712 764
712 765
712 766
712 767
712 768
713 763
713 764
713 765
713 766
713 767
713 768
714 764
714 765
714 766
714 767
714 768
715 765
715 766
715 767
715 768
716 766
716 767
716 768
717 767
717 768
718 768
993 1043
994 1044
994 1045
995 1045
995 1046
995 1047
996 1046
996 1047
996 1048
996 1049
997 1047
997 1048
997 1049
997 1050
997 1051
998 1048
998 1049
998 1050
998 1051
998 1052
999 1049
999 1050
999 1051
999 1052
999 1053
1000 1050
1000 1051
1000 1052
1000 1053
1000 1054
1000 1055
1001 1051
1001 1052
1001 1053
1001 1054
1001 1055
1001 1056
1002 1052
1002 1053
1002 1054
1002 1055
1002 1056
1002 1057
1003 1053
1003 1054
1003 1055
1003 1056
1003 1057
1003 1058
1004 1054
1004 1055
1004 1056
1004 1057
1004 1058
1004 1059
1005 1055
1005 1056
1005 1057
1005 1058
1005 1059
1005 1060
1006 1056
1006 1057
1006 1058
1006 1059
1006 1060
1006 1061
1007 1057
1007 1058
1007 1059
1007 1060
1007 1061
1007 1062
1008 1058
1008 1059
1008 1060
1008 1061
1008 1062
1008 1063
1009 1059
1009 1060
1009 1061
1009 1062
1009 1063
1009 1064
1010 1060
1010 1061
1010 1062
1010 1063
1010 1064
1011 1061
1011 1062
1011 1063
1011 1064
1011 1065
1012 1062
1012 1063
1012 1064
1012 1065
1012 1066
1013 1063
1013 1064
1013 1065
1013 1066
1014 1064
1014 1065
1014 1066
1014 1067
1015 1065
1015 1066
1015 1067
1015 1068
1016 1066
1016 1067
1016 1068
1017 1067
1017 1068
1017 1069
1018 1068
1018 1069
1018 1070
1019 1069
1019 1070
1020 1070
1020 1071
1021 1071
1021 1072
1022 1072
1023 1073
1024 1074
1042 1092
1042 1093
1042 1094
1042 1095
1042 1096
1042 1097
1042 1098
1042 1099
1042 1100
1043 1093
1043 1094
1043 1095
1043 1096
1043 1097
1043 1098
1043 1099
1043 1100
1044 1094
1044 1095
1044 1096
1044 1097
1044 1098
1044 1099
1044 1100
1045 1095
1045 1096
1045 1097
1045 1098
1045 1099
1045 1100
1046 1096
1046 1097
1046 1098
1046 1099
1046 1100
1047 1097
1047 1098
1047 1099
1047 1100
1048 1098
1048 1099
1048 1100
1049 1099
1049 1100
1050 1100
