0 1023
0 1024
0 1025
0 1026
0 1027
0 1028
0 1029
0 1030
0 1031
0 1082
0 1083
0 1084
0 1085
0 1086
0 1087
0 1088
0 1089
0 1090
0 1091
0 1092
0 1093
0 1094
0 1095
0 1096
0 1097
0 1098
0 1099
0 1100
1 1024
1 1025
1 1026
1 1027
1 1028
1 1029
1 1030
1 1031
1 1083
1 1084
1 1085
1 1086
1 1087
1 1088
1 1089
1 1090
1 1091
1 1092
1 1093
1 1094
1 1095
1 1096
1 1097
1 1098
1 1099
1 1100
2 1024
2 1025
2 1026
2 1027
2 1028
2 1029
2 1030
2 1031
2 1083
2 1084
2 1085
2 1086
2 1087
2 1088
2 1089
2 1090
2 1091
2 1092
2 1093
2 1094
2 1095
2 1096
2 1097
2 1098
2 1099
2 1100
3 1024
3 1025
3 1026
3 1027
3 1028
3 1029
3 1030
3 1031
3 1032
3 1083
3 1084
3 1085
3 1086
3 1087
3 1088
3 1089
3 1090
3 1091
3 1092
3 1093
3 1094
3 1095
3 1096
3 1097
3 1098
3 1099
3 1100
4 1025
4 1026
4 1027
4 1028
4 1029
4 1030
4 1031
4 1032
4 1084
4 1085
4 1086
4 1087
4 1088
4 1089
4 1090
4 1091
4 1092
4 1093
4 1094
4 1095
4 1096
4 1097
4 1098
4 1099
4 1100
5 1025
5 1026
5 1027
5 1028
5 1029
5 1030
5 1031
5 1032
5 1033
5 1084
5 1085
5 1086
5 1087
5 1088
5 1089
5 1090
5 1091
5 1092
5 1093
5 1094
5 1095
5 1096
5 1097
5 1098
5 1099
5 1100
6 1026
6 1027
6 1028
6 1029
6 1030
6 1031
6 1032
6 1033
6 1084
6 1085
6 1086
6 1087
6 1088
6 1089
6 1090
6 1091
6 1092
6 1093
6 1094
6 1095
6 1096
6 1097
6 1098
6 1099
6 1100
7 1026
7 1027
7 1028
7 1029
7 1030
7 1031
7 1032
7 1033
7 1034
7 1085
7 1086
7 1087
7 1088
7 1089
7 1090
7 1091
7 1092
7 1093
7 1094
7 1095
7 1096
7 1097
7 1098
7 1099
7 1100
8 1027
8 1028
8 1029
8 1030
8 1031
8 1032
8 1033
8 1034
8 1035
8 1086
8 1087
8 1088
8 1089
8 1090
8 1091
8 1092
8 1093
8 1094
8 1095
8 1096
8 1097
8 1098
8 1099
8 1100
9 1028
9 1029
9 1030
9 1031
9 1032
9 1033
9 1034
9 1035
9 1087
9 1088
9 1089
9 1090
9 1091
9 1092
9 1093
9 1094
9 1095
9 1096
9 1097
9 1098
9 1099
9 1100
10 1028
10 1029
10 1030
10 1031
10 1032
10 1033
10 1034
10 1035
10 1036
10 1088
10 1089
10 1090
10 1091
10 1092
10 1093
10 1094
10 1095
10 1096
10 1097
10 1098
10 1099
10 1100
11 1029
11 1030
11 1031
11 1032
11 1033
11 1034
11 1035
11 1036
11 1037
11 1089
11 1090
11 1091
11 1092
11 1093
11 1094
11 1095
11 1096
11 1097
11 1098
11 1099
11 1100
12 1030
12 1031
12 1032
12 1033
12 1034
12 1035
12 1036
12 1037
12 1038
13 1031
13 1032
13 1033
13 1034
13 1035
13 1036
13 1037
13 1038
14 1032
14 1033
14 1034
14 1035
14 1036
14 1037
14 1038
14 1039
15 1032
15 1033
15 1034
15 1035
15 1036
15 1037
15 1038
15 1039
15 1040
16 1033
16 1034
16 1035
16 1036
16 1037
16 1038
16 1039
16 1040
16 1041
17 1034
17 1035
17 1036
17 1037
17 1038
17 1039
17 1040
17 1041
17 1042
18 1035
18 1036
18 1037
18 1038
18 1039
18 1040
18 1041
18 1042
18 1043
19 1036
19 1037
19 1038
19 1039
19 1040
19 1041
19 1042
19 1043
19 1044
20 1037
20 1038
20 1039
20 1040
20 1041
20 1042
20 1043
20 1044
20 1045
21 1038
21 1039
21 1040
21 1041
21 1042
21 1043
21 1044
21 1045
22 1039
22 1040
22 1041
22 1042
22 1043
22 1044
22 1045
22 1046
23 1040
23 1041
23 1042
23 1043
23 1044
23 1045
23 1046
23 1047
24 1040
24 1041
24 1042
24 1043
24 1044
24 1045
24 1046
24 1047
24 1048
25 1041
25 1042
25 1043
25 1044
25 1045
25 1046
25 1047
25 1048
25 1049
26 1042
26 1043
26 1044
26 1045
26 1046
26 1047
26 1048
26 1049
27 1043
27 1044
27 1045
27 1046
27 1047
27 1048
27 1049
27 1050
28 1044
28 1045
28 1046
28 1047
28 1048
28 1049
28 1050
28 1051
29 1045
29 1046
29 1047
29 1048
29 1049
29 1050
29 1051
29 1052
30 1046
30 1047
30 1048
30 1049
30 1050
30 1051
30 1052
31 1047
31 1048
31 1049
31 1050
31 1051
31 1052
31 1053
32 1048
32 1049
32 1050
32 1051
32 1052
32 1053
32 1054
33 1049
33 1050
33 1051
33 1052
33 1053
33 1054
33 1055
34 1049
34 1050
34 1051
34 1052
34 1053
34 1054
34 1055
35 1050
35 1051
35 1052
35 1053
35 1054
35 1055
35 1056
36 1051
36 1052
36 1053
36 1054
36 1055
36 1056
36 1057
37 1052
37 1053
37 1054
37 1055
37 1056
37 1057
37 1058
38 1053
38 1054
38 1055
38 1056
38 1057
38 1058
38 1059
39 1054
39 1055
39 1056
39 1057
39 1058
39 1059
39 1060
40 1055
40 1056
40 1057
40 1058
40 1059
40 1060
40 1061
41 1056
41 1057
41 1058
41 1059
41 1060
41 1061
41 1062
41 1063
42 1057
42 1058
42 1059
42 1060
42 1061
42 1062
42 1063
42 1064
42 1065
42 1066
43 1059
43 1060
43 1061
43 1062
43 1063
43 1064
43 1065
43 1066
43 1067
43 1068
43 1069
44 1060
44 1061
44 1062
44 1063
44 1064
44 1065
44 1066
44 1067
44 1068
44 1069
44 1070
44 1071
44 1072
44 1073
44 1074
45 1062
45 1063
45 1064
45 1065
45 1066
45 1067
45 1068
45 1069
45 1070
45 1071
45 1072
45 1073
45 1074
45 1075
45 1076
45 1077
45 1078
45 1079
45 1080
45 1081
45 1082
45 1083
45 1084
45 1085
45 1086
45 1087
45 1088
45 1089
45 1090
45 1091
45 1092
45 1093
45 1094
45 1095
45 1096
45 1097
45 1098
45 1099
45 1100
46 1066
46 1067
46 1068
46 1069
46 1070
46 1071
46 1072
46 1073
46 1074
46 1075
46 1076
46 1077
46 1078
46 1079
46 1080
46 1081
46 1082
46 1083
46 1084
46 1085
46 1086
46 1087
46 1088
46 1089
46 1090
46 1091
46 1092
46 1093
46 1094
46 1095
46 1096
46 1097
46 1098
46 1099
46 1100
47 1070
47 1071
47 1072
47 1073
47 1074
47 1075
47 1076
47 1077
47 1078
47 1079
47 1080
47 1081
47 1082
47 1083
47 1084
47 1085
47 1086
47 1087
47 1088
47 1089
47 1090
47 1091
47 1092
47 1093
47 1094
47 1095
47 1096
47 1097
47 1098
47 1099
47 1100
48 1078
48 1079
48 1080
48 1081
48 1082
48 1083
48 1084
48 1085
48 1086
48 1087
627 677
627 678
627 679
627 680
627 681
627 682
627 683
627 684
627 685
627 686
627 687
627 688
627 689
627 690
627 691
627 692
627 693
627 694
627 695
627 696
627 697
627 698
627 699
627 700
627 701
627 702
627 703
627 704
627 705
627 706
627 707
627 708
627 709
627 710
627 711
627 712
627 713
627 714
627 715
627 716
627 717
627 718
627 719
627 720
627 721
627 722
627 723
627 724
627 725
627 726
627 727
627 728
627 729
627 730
628 678
628 679
628 680
628 681
628 682
628 683
628 684
628 685
628 686
628 687
628 688
628 689
628 690
628 691
628 692
628 693
628 694
628 695
628 696
628 697
628 698
628 699
628 700
628 701
628 702
628 703
628 704
628 705
628 706
628 707
628 708
628 709
628 710
628 711
628 712
628 713
628 714
628 715
628 716
628 717
628 718
628 719
628 720
628 721
628 722
628 723
628 724
628 725
628 726
628 727
628 728
628 729
628 730
628 731
628 732
628 733
628 734
628 735
628 736
629 679
629 680
629 681
629 682
629 683
629 684
629 685
629 686
629 687
629 688
629 689
629 690
629 691
629 692
629 693
629 694
629 695
629 696
629 697
629 698
629 699
629 700
629 701
629 702
629 703
629 704
629 705
629 706
629 707
629 708
629 709
629 710
629 711
629 712
629 713
629 714
629 715
629 716
629 717
629 718
629 719
629 720
629 721
629 722
629 723
629 724
629 725
629 726
629 727
629 728
629 729
629 730
629 731
629 732
629 733
629 734
629 735
629 736
629 737
629 738
629 739
629 740
630 729
630 730
630 731
630 732
630 733
630 734
630 735
630 736
630 737
630 738
630 739
630 740
630 741
630 742
630 743
631 736
631 737
631 738
631 739
631 740
631 741
631 742
631 743
631 744
631 745
632 739
632 740
632 741
632 742
632 743
632 744
632 745
632 746
632 747
633 742
633 743
633 744
633 745
633 746
633 747
633 748
633 749
634 744
634 745
634 746
634 747
634 748
634 749
634 750
635 746
635 747
635 748
635 749
635 750
635 751
635 752
636 748
636 749
636 750
636 751
636 752
636 753
637 749
637 750
637 751
637 752
637 753
637 754
638 750
638 751
638 752
638 753
638 754
639 751
639 752
639 753
639 754
639 755
640 752
640 753
640 754
640 755
640 756
641 753
641 754
641 755
641 756
642 753
642 754
642 755
642 756
642 757
643 754
643 755
643 756
643 757
644 754
644 755
644 756
644 757
645 754
645 755
645 756
645 757
645 758
646 755
646 756
646 757
646 758
647 755
647 756
647 757
647 758
648 755
648 756
648 757
648 758
649 756
649 757
649 758
649 759
650 756
650 757
650 758
650 759
651 756
651 757
651 758
651 759
652 756
652 757
652 758
652 759
653 757
653 758
653 759
654 757
654 758
654 759
654 760
655 757
655 758
655 759
655 760
656 757
656 758
656 759
656 760
657 757
657 758
657 759
657 760
658 758
658 759
658 760
659 758
659 759
659 760
660 758
660 759
660 760
661 758
661 759
661 760
662 758
662 759
662 760
663 758
663 759
663 760
664 758
664 759
664 760
665 758
665 759
665 760
666 758
666 759
666 760
667 758
667 759
667 760
668 758
668 759
668 760
669 758
669 759
669 760
670 758
670 759
670 760
671 758
671 759
671 760
672 758
672 759
672 760
673 758
673 759
673 760
674 758
674 759
674 760
675 758
675 759
675 760
676 758
676 759
676 760
677 758
677 759
677 760
678 758
678 759
678 760
679 758
679 759
679 760
680 758
680 759
680 760
681 758
681 759
681 760
682 758
682 759
682 760
683 758
683 759
683 760
684 758
684 759
684 760
685 758
685 759
685 760
686 758
686 759
686 760
687 758
687 759
687 760
688 758
688 759
688 760
689 758
689 759
689 760
690 758
690 759
690 760
691 758
691 759
691 760
692 758
692 759
692 760
693 758
693 759
693 760
694 758
694 759
694 760
695 758
695 759
695 760
696 758
696 759
696 760
697 758
697 759
697 760
698 758
698 759
698 760
699 758
699 759
699 760
700 758
700 759
700 760
701 758
701 759
701 760
702 758
702 759
702 760
703 758
703 759
703 760
704 758
704 759
704 760
705 758
705 759
705 760
706 758
706 759
706 760
707 758
707 759
707 760
708 758
708 759
708 760
709 759
709 760
710 760
