0 827
0 828
0 840
0 841
1 828
1 829
1 841
1 842
2 829
2 842
2 843
3 830
3 843
3 844
4 831
4 844
5 832
5 845
6 832
6 833
6 846
7 833
7 834
7 847
8 834
8 835
8 848
9 835
9 836
9 848
9 849
10 836
10 849
10 850
11 837
11 850
11 851
12 838
12 851
12 852
13 839
13 852
14 839
14 840
14 853
15 840
15 841
15 854
16 841
16 842
16 855
17 842
17 843
17 855
17 856
18 843
18 856
18 857
19 844
19 857
19 858
20 845
20 858
20 859
21 846
21 859
21 860
22 847
22 860
23 847
23 848
23 861
24 848
24 849
24 862
25 849
25 850
25 863
26 850
26 851
26 864
27 851
27 865
28 852
28 865
28 866
29 853
29 866
29 867
30 854
30 867
30 868
31 855
31 868
31 869
32 855
32 856
32 869
32 870
33 856
33 857
33 870
33 871
34 857
34 858
34 871
34 872
35 858
35 859
35 872
36 859
36 860
36 873
37 860
37 874
38 861
38 875
39 862
39 876
40 863
40 877
41 864
41 878
42 865
42 879
43 865
43 866
43 879
43 880
44 866
44 867
44 880
44 881
45 867
45 868
45 881
45 882
46 868
46 869
46 882
46 883
47 869
47 870
47 883
47 884
48 870
48 871
48 884
48 885
49 871
49 872
49 885
49 886
50 872
50 873
50 886
50 887
51 873
51 887
51 888
52 874
52 888
52 889
53 875
53 889
53 890
54 876
54 890
54 891
55 877
55 891
55 892
56 878
56 892
56 893
57 879
57 893
57 894
58 880
58 894
58 895
59 880
59 881
59 895
59 896
60 881
60 882
60 896
60 897
61 882
61 883
61 897
61 898
62 883
62 884
62 898
62 899
63 884
63 885
63 899
63 900
64 885
64 886
64 900
64 901
65 886
65 887
65 902
66 887
66 888
66 903
67 888
67 889
67 904
67 905
68 889
68 890
68 905
68 906
69 890
69 891
69 906
69 907
70 891
70 892
70 907
70 908
71 892
71 908
71 909
72 893
72 909
72 910
73 894
73 910
73 911
74 895
74 896
74 911
74 912
75 896
75 897
75 912
75 913
76 897
76 898
76 913
76 914
77 898
77 899
77 915
78 899
78 900
78 916
79 900
79 901
79 917
79 918
80 901
80 902
80 918
80 919
81 902
81 903
81 919
81 920
82 903
82 904
82 920
82 921
83 904
83 905
83 921
83 922
84 905
84 906
84 922
84 923
85 906
85 907
85 923
85 924
86 907
86 908
86 924
86 925
87 909
87 925
87 926
88 910
88 911
88 926
88 927
89 911
89 912
89 927
89 928
90 912
90 913
90 928
90 929
91 913
91 914
91 929
91 930
92 914
92 915
92 930
92 931
93 915
93 916
93 931
93 932
94 917
94 932
94 933
95 918
95 919
95 933
95 934
96 919
96 920
96 934
96 935
97 920
97 921
97 935
97 936
98 921
98 922
98 936
98 937
99 922
99 923
99 938
100 923
100 924
100 939
101 924
101 925
101 940
102 926
102 941
103 927
103 942
104 928
104 943
105 929
105 930
105 943
105 944
106 930
106 931
106 944
106 945
107 931
107 932
107 945
107 946
108 932
108 933
108 946
108 947
109 933
109 934
109 947
109 948
110 934
110 935
110 948
110 949
111 935
111 936
111 949
111 950
112 936
112 937
112 950
112 951
113 937
113 938
113 951
113 952
114 938
114 939
114 952
115 939
115 940
115 953
116 940
116 941
116 954
117 941
117 942
117 955
118 942
118 943
118 956
119 943
119 944
119 957
120 944
120 945
120 957
120 958
121 945
121 946
121 958
121 959
122 946
122 947
122 959
122 960
123 947
123 948
123 960
123 961
124 948
124 949
124 961
125 949
125 950
125 962
126 950
126 963
127 951
127 964
128 952
128 965
129 953
129 965
129 966
130 954
130 966
130 967
131 955
131 967
131 968
132 955
132 956
132 968
133 956
133 957
133 969
134 957
134 958
134 970
135 958
135 959
135 971
136 959
136 972
137 960
137 972
137 973
138 961
138 973
138 974
139 962
139 974
139 975
140 963
140 975
140 976
141 963
141 964
141 976
142 964
142 965
142 977
143 965
143 966
143 978
144 966
144 979
145 967
145 980
146 968
146 980
146 981
147 969
147 981
147 982
148 970
148 982
148 983
149 970
149 971
149 983
149 984
150 971
150 972
150 984
150 985
151 972
151 973
151 985
152 973
152 974
152 986
153 974
153 987
154 975
154 988
155 976
155 989
156 977
156 990
157 977
157 978
157 990
157 991
158 978
158 979
158 991
158 992
159 979
159 980
159 992
159 993
160 980
160 981
160 993
160 994
161 981
161 994
161 995
162 982
162 995
163 983
163 996
164 984
164 997
165 984
165 985
165 998
166 985
166 986
166 999
167 986
167 987
167 999
167 1000
168 987
168 988
168 1000
168 1001
169 988
169 1001
169 1002
170 989
170 1002
170 1003
171 990
171 1003
171 1004
172 990
172 991
172 1004
172 1005
173 991
173 992
173 1005
173 1006
174 992
174 993
174 1006
175 993
175 1007
176 994
176 1008
177 995
177 1009
178 995
178 996
178 1009
178 1010
179 996
179 997
179 1010
179 1011
180 997
180 1011
180 1012
181 998
181 1012
181 1013
182 998
182 999
182 1013
182 1014
183 999
183 1000
183 1014
183 1015
183 1016
184 1000
184 1015
184 1016
184 1017
185 1001
185 1016
185 1017
185 1018
186 1001
186 1002
186 1018
186 1019
187 1002
187 1019
187 1020
188 1003
188 1020
188 1021
189 1003
189 1004
189 1021
189 1022
190 1004
190 1005
190 1022
190 1023
191 1005
191 1023
191 1024
191 1025
192 1005
192 1006
192 1024
192 1025
192 1026
193 1006
193 1007
193 1025
193 1026
193 1027
194 1006
194 1007
194 1026
194 1027
194 1028
195 1007
195 1008
195 1027
195 1028
195 1029
196 1008
196 1028
196 1029
196 1030
197 1008
197 1009
197 1029
197 1030
198 1009
198 1010
198 1030
198 1031
199 1010
199 1011
199 1031
199 1032
200 1010
200 1011
200 1032
200 1033
201 1011
201 1012
201 1033
201 1034
202 1012
202 1013
202 1034
202 1035
203 1012
203 1013
203 1035
203 1036
204 1013
204 1014
204 1036
204 1037
205 1014
205 1015
205 1036
205 1037
205 1038
206 1014
206 1015
206 1016
206 1037
206 1038
206 1039
207 1015
207 1016
207 1038
207 1039
207 1040
208 1016
208 1017
208 1039
208 1040
208 1041
209 1017
209 1018
209 1040
209 1041
209 1042
210 1017
210 1018
210 1019
210 1041
210 1042
210 1043
211 1018
211 1019
211 1020
211 1042
211 1043
211 1044
212 1019
212 1020
212 1021
212 1043
212 1044
213 1020
213 1021
213 1022
213 1044
213 1045
214 1021
214 1022
214 1023
214 1045
214 1046
215 1022
215 1023
215 1046
215 1047
216 1023
216 1024
216 1046
216 1047
216 1048
217 1024
217 1025
217 1047
217 1048
217 1049
218 1025
218 1026
218 1048
218 1049
218 1050
219 1026
219 1027
219 1049
219 1050
219 1051
220 1027
220 1028
220 1050
220 1051
220 1052
221 1028
221 1029
221 1051
221 1052
222 1028
222 1029
222 1030
222 1052
222 1053
223 1029
223 1030
223 1031
223 1053
223 1054
224 1031
224 1032
224 1054
224 1055
225 1032
225 1033
225 1055
225 1056
226 1033
226 1034
226 1056
226 1057
227 1034
227 1035
227 1057
227 1058
228 1035
228 1036
228 1057
228 1058
228 1059
229 1036
229 1037
229 1058
229 1059
229 1060
230 1037
230 1038
230 1039
230 1059
230 1060
230 1061
231 1038
231 1039
231 1040
231 1060
231 1061
232 1039
232 1040
232 1041
232 1061
232 1062
233 1040
233 1041
233 1042
233 1062
233 1063
234 1041
234 1042
234 1043
234 1063
234 1064
235 1042
235 1043
235 1044
235 1064
235 1065
236 1043
236 1044
236 1045
236 1065
236 1066
237 1045
237 1046
237 1066
237 1067
238 1046
238 1047
238 1067
238 1068
239 1047
239 1048
239 1068
239 1069
240 1048
240 1049
240 1068
240 1069
240 1070
241 1049
241 1050
241 1069
241 1070
242 1050
242 1051
242 1070
242 1071
243 1051
243 1052
243 1071
243 1072
244 1052
244 1053
244 1072
244 1073
245 1053
245 1054
245 1073
245 1074
246 1054
246 1055
246 1074
246 1075
247 1055
247 1056
247 1075
247 1076
248 1056
248 1057
248 1076
248 1077
249 1057
249 1058
249 1077
249 1078
250 1058
250 1059
250 1078
250 1079
251 1059
251 1060
251 1078
251 1079
251 1080
252 1060
252 1061
252 1079
252 1080
252 1081
253 1061
253 1062
253 1080
253 1081
253 1082
254 1062
254 1063
254 1081
254 1082
255 1063
255 1064
255 1082
255 1083
256 1064
256 1065
256 1083
256 1084
257 1065
257 1066
257 1084
257 1085
258 1066
258 1067
258 1085
258 1086
258 1087
259 1066
259 1067
259 1068
259 1086
259 1087
259 1088
260 1067
260 1068
260 1087
260 1088
260 1089
261 1068
261 1069
261 1088
261 1089
261 1090
262 1069
262 1070
262 1089
262 1090
263 1070
263 1071
263 1090
263 1091
264 1071
264 1072
264 1091
264 1092
265 1071
265 1072
265 1073
265 1092
265 1093
266 1072
266 1073
266 1093
266 1094
267 1073
267 1074
267 1094
267 1095
268 1074
268 1075
268 1094
268 1095
268 1096
269 1074
269 1075
269 1076
269 1095
269 1096
269 1097
270 1075
270 1076
270 1096
270 1097
270 1098
271 1076
271 1077
271 1097
271 1098
272 1077
272 1078
272 1098
272 1099
273 1077
273 1078
273 1098
273 1099
273 1100
274 1078
274 1079
274 1099
274 1100
275 1078
275 1079
275 1080
275 1100
276 1079
276 1080
277 1080
277 1081
278 1080
278 1081
278 1082
279 1081
279 1082
280 1081
280 1082
280 1083
281 1082
281 1083
282 1083
282 1084
283 1083
283 1084
284 1084
284 1085
285 1084
285 1085
285 1086
286 1085
286 1086
287 1085
287 1086
287 1087
288 1086
288 1087
289 1086
289 1087
289 1088
290 1087
290 1088
291 1087
291 1088
291 1089
292 1088
292 1089
293 1088
293 1089
293 1090
294 1089
294 1090
295 1089
295 1090
295 1091
296 1090
296 1091
296 1092
297 1090
297 1091
297 1092
298 1091
298 1092
298 1093
299 1091
299 1092
299 1093
299 1094
300 1092
300 1093
300 1094
301 1092
301 1093
301 1094
301 1095
302 1093
302 1094
302 1095
302 1096
302 1097
303 1093
303 1094
303 1095
303 1096
303 1097
303 1098
303 1099
303 1100
304 1094
304 1095
304 1096
304 1097
304 1098
304 1099
304 1100
305 1095
305 1096
305 1097
305 1098
305 1099
305 1100
306 1096
306 1097
306 1098
306 1099
306 1100
307 1098
307 1099
307 1100
