0 824
0 825
0 826
0 842
0 843
0 844
0 845
1 824
1 825
1 826
1 827
1 843
1 844
1 845
1 846
2 825
2 826
2 827
2 828
2 844
2 845
2 846
3 826
3 827
3 828
3 829
3 845
3 846
3 847
4 827
4 828
4 829
4 830
4 845
4 846
4 847
4 848
5 828
5 829
5 830
5 831
5 846
5 847
5 848
5 849
6 829
6 830
6 831
6 847
6 848
6 849
6 850
7 830
7 831
7 832
7 848
7 849
7 850
7 851
8 831
8 832
8 833
8 849
8 850
8 851
8 852
9 831
9 832
9 833
9 834
9 850
9 851
9 852
9 853
10 832
10 833
10 834
10 835
10 851
10 852
10 853
11 833
11 834
11 835
11 836
11 852
11 853
11 854
12 834
12 835
12 836
12 837
12 853
12 854
12 855
13 835
13 836
13 837
13 838
13 853
13 854
13 855
13 856
14 836
14 837
14 838
14 854
14 855
14 856
14 857
15 837
15 838
15 839
15 855
15 856
15 857
15 858
16 838
16 839
16 840
16 856
16 857
16 858
16 859
17 838
17 839
17 840
17 841
17 857
17 858
17 859
17 860
18 839
18 840
18 841
18 842
18 858
18 859
18 860
18 861
19 840
19 841
19 842
19 843
19 859
19 860
19 861
19 862
20 841
20 842
20 843
20 844
20 860
20 861
20 862
21 842
21 843
21 844
21 845
21 861
21 862
21 863
22 843
22 844
22 845
22 846
22 861
22 862
22 863
22 864
23 844
23 845
23 846
23 862
23 863
23 864
23 865
24 845
24 846
24 847
24 863
24 864
24 865
24 866
25 846
25 847
25 848
25 864
25 865
25 866
25 867
26 846
26 847
26 848
26 849
26 865
26 866
26 867
26 868
27 847
27 848
27 849
27 850
27 866
27 867
27 868
27 869
28 848
28 849
28 850
28 851
28 867
28 868
28 869
28 870
29 849
29 850
29 851
29 852
29 868
29 869
29 870
29 871
30 850
30 851
30 852
30 853
30 869
30 870
30 871
30 872
31 851
31 852
31 853
31 854
31 870
31 871
31 872
31 873
32 852
32 853
32 854
32 871
32 872
32 873
32 874
33 853
33 854
33 855
33 872
33 873
33 874
33 875
34 853
34 854
34 855
34 856
34 873
34 874
34 875
35 854
35 855
35 856
35 857
35 873
35 874
35 875
35 876
36 855
36 856
36 857
36 858
36 874
36 875
36 876
36 877
37 856
37 857
37 858
37 859
37 875
37 876
37 877
37 878
38 857
38 858
38 859
38 860
38 876
38 877
38 878
38 879
39 858
39 859
39 860
39 861
39 877
39 878
39 879
39 880
40 859
40 860
40 861
40 862
40 878
40 879
40 880
40 881
41 860
41 861
41 862
41 863
41 879
41 880
41 881
41 882
42 861
42 862
42 863
42 864
42 880
42 881
42 882
42 883
43 862
43 863
43 864
43 881
43 882
43 883
43 884
44 863
44 864
44 865
44 882
44 883
44 884
44 885
45 863
45 864
45 865
45 866
45 883
45 884
45 885
45 886
46 864
46 865
46 866
46 867
46 884
46 885
46 886
46 887
47 865
47 866
47 867
47 868
47 885
47 886
47 887
47 888
48 866
48 867
48 868
48 869
48 886
48 887
48 888
48 889
49 867
49 868
49 869
49 870
49 887
49 888
49 889
49 890
50 868
50 869
50 870
50 871
50 888
50 889
50 890
50 891
51 869
51 870
51 871
51 872
51 889
51 890
51 891
51 892
52 870
52 871
52 872
52 873
52 890
52 891
52 892
52 893
53 871
53 872
53 873
53 874
53 891
53 892
53 893
53 894
54 872
54 873
54 874
54 875
54 892
54 893
54 894
54 895
55 873
55 874
55 875
55 876
55 893
55 894
55 895
55 896
56 874
56 875
56 876
56 877
56 894
56 895
56 896
56 897
57 875
57 876
57 877
57 878
57 895
57 896
57 897
57 898
58 876
58 877
58 878
58 879
58 896
58 897
58 898
58 899
59 877
59 878
59 879
59 897
59 898
59 899
59 900
60 877
60 878
60 879
60 880
60 898
60 899
60 900
60 901
60 902
61 878
61 879
61 880
61 881
61 899
61 900
61 901
61 902
61 903
62 879
62 880
62 881
62 882
62 900
62 901
62 902
62 903
62 904
63 880
63 881
63 882
63 883
63 901
63 902
63 903
63 904
63 905
64 881
64 882
64 883
64 884
64 902
64 903
64 904
64 905
64 906
65 882
65 883
65 884
65 885
65 903
65 904
65 905
65 906
65 907
66 883
66 884
66 885
66 886
66 904
66 905
66 906
66 907
66 908
67 884
67 885
67 886
67 887
67 906
67 907
67 908
67 909
68 885
68 886
68 887
68 888
68 907
68 908
68 909
68 910
69 886
69 887
69 888
69 889
69 908
69 909
69 910
69 911
70 887
70 888
70 889
70 890
70 909
70 910
70 911
70 912
70 913
71 888
71 889
71 890
71 891
71 910
71 911
71 912
71 913
71 914
72 889
72 890
72 891
72 892
72 911
72 912
72 913
72 914
72 915
73 890
73 891
73 892
73 893
73 912
73 913
73 914
73 915
73 916
74 891
74 892
74 893
74 894
74 913
74 914
74 915
74 916
74 917
75 891
75 892
75 893
75 894
75 895
75 914
75 915
75 916
75 917
75 918
76 892
76 893
76 894
76 895
76 896
76 915
76 916
76 917
76 918
76 919
77 893
77 894
77 895
77 896
77 897
77 916
77 917
77 918
77 919
77 920
78 894
78 895
78 896
78 897
78 898
78 917
78 918
78 919
78 920
78 921
79 895
79 896
79 897
79 898
79 899
79 919
79 920
79 921
79 922
80 896
80 897
80 898
80 899
80 900
80 920
80 921
80 922
80 923
81 897
81 898
81 899
81 900
81 901
81 921
81 922
81 923
81 924
82 899
82 900
82 901
82 902
82 922
82 923
82 924
82 925
83 900
83 901
83 902
83 903
83 923
83 924
83 925
83 926
84 901
84 902
84 903
84 904
84 924
84 925
84 926
84 927
85 902
85 903
85 904
85 905
85 925
85 926
85 927
85 928
86 903
86 904
86 905
86 906
86 926
86 927
86 928
86 929
87 904
87 905
87 906
87 907
87 908
87 927
87 928
87 929
87 930
88 905
88 906
88 907
88 908
88 909
88 928
88 929
88 930
88 931
89 906
89 907
89 908
89 909
89 910
89 929
89 930
89 931
89 932
90 907
90 908
90 909
90 910
90 911
90 930
90 931
90 932
90 933
91 908
91 909
91 910
91 911
91 912
91 931
91 932
91 933
91 934
92 910
92 911
92 912
92 913
92 932
92 933
92 934
92 935
93 911
93 912
93 913
93 914
93 933
93 934
93 935
93 936
94 912
94 913
94 914
94 915
94 916
94 934
94 935
94 936
94 937
95 913
95 914
95 915
95 916
95 917
95 935
95 936
95 937
95 938
96 914
96 915
96 916
96 917
96 918
96 936
96 937
96 938
96 939
97 915
97 916
97 917
97 918
97 919
97 937
97 938
97 939
97 940
98 916
98 917
98 918
98 919
98 920
98 938
98 939
98 940
98 941
99 918
99 919
99 920
99 921
99 939
99 940
99 941
99 942
100 919
100 920
100 921
100 922
100 940
100 941
100 942
100 943
101 920
101 921
101 922
101 923
101 941
101 942
101 943
101 944
102 921
102 922
102 923
102 924
102 925
102 942
102 943
102 944
102 945
103 922
103 923
103 924
103 925
103 926
103 943
103 944
103 945
103 946
104 923
104 924
104 925
104 926
104 927
104 944
104 945
104 946
104 947
105 924
105 925
105 926
105 927
105 928
105 945
105 946
105 947
105 948
106 925
106 926
106 927
106 928
106 929
106 946
106 947
106 948
106 949
107 927
107 928
107 929
107 930
107 947
107 948
107 949
107 950
108 928
108 929
108 930
108 931
108 948
108 949
108 950
108 951
109 929
109 930
109 931
109 932
109 949
109 950
109 951
109 952
110 930
110 931
110 932
110 933
110 950
110 951
110 952
111 931
111 932
111 933
111 934
111 951
111 952
111 953
112 932
112 933
112 934
112 935
112 952
112 953
112 954
113 933
113 934
113 935
113 936
113 953
113 954
113 955
114 934
114 935
114 936
114 937
114 953
114 954
114 955
114 956
115 935
115 936
115 937
115 938
115 954
115 955
115 956
115 957
116 936
116 937
116 938
116 939
116 955
116 956
116 957
116 958
117 937
117 938
117 939
117 940
117 956
117 957
117 958
117 959
118 938
118 939
118 940
118 941
118 957
118 958
118 959
118 960
119 939
119 940
119 941
119 942
119 958
119 959
119 960
120 940
120 941
120 942
120 943
120 959
120 960
120 961
121 941
121 942
121 943
121 944
121 960
121 961
121 962
122 942
122 943
122 944
122 945
122 961
122 962
122 963
123 943
123 944
123 945
123 946
123 962
123 963
123 964
124 944
124 945
124 946
124 947
124 962
124 963
124 964
124 965
125 945
125 946
125 947
125 948
125 963
125 964
125 965
125 966
126 946
126 947
126 948
126 949
126 964
126 965
126 966
126 967
127 947
127 948
127 949
127 950
127 965
127 966
127 967
128 948
128 949
128 950
128 951
128 966
128 967
128 968
129 949
129 950
129 951
129 952
129 967
129 968
129 969
130 950
130 951
130 952
130 953
130 968
130 969
130 970
131 951
131 952
131 953
131 954
131 969
131 970
131 971
132 952
132 953
132 954
132 969
132 970
132 971
132 972
133 953
133 954
133 955
133 970
133 971
133 972
133 973
134 954
134 955
134 956
134 971
134 972
134 973
134 974
135 955
135 956
135 957
135 972
135 973
135 974
135 975
136 956
136 957
136 958
136 973
136 974
136 975
137 956
137 957
137 958
137 959
137 974
137 975
137 976
138 957
138 958
138 959
138 960
138 975
138 976
138 977
139 958
139 959
139 960
139 961
139 976
139 977
139 978
140 959
140 960
140 961
140 962
140 977
140 978
140 979
141 960
141 961
141 962
141 977
141 978
141 979
141 980
142 961
142 962
142 963
142 978
142 979
142 980
142 981
143 962
143 963
143 964
143 979
143 980
143 981
143 982
144 963
144 964
144 965
144 980
144 981
144 982
144 983
145 963
145 964
145 965
145 966
145 981
145 982
145 983
145 984
146 964
146 965
146 966
146 967
146 982
146 983
146 984
147 965
147 966
147 967
147 968
147 983
147 984
147 985
148 966
148 967
148 968
148 969
148 984
148 985
148 986
149 967
149 968
149 969
149 985
149 986
149 987
150 968
150 969
150 970
150 986
150 987
150 988
151 969
151 970
151 971
151 986
151 987
151 988
151 989
152 970
152 971
152 972
152 987
152 988
152 989
152 990
153 970
153 971
153 972
153 973
153 988
153 989
153 990
153 991
154 971
154 972
154 973
154 974
154 989
154 990
154 991
154 992
155 972
155 973
155 974
155 975
155 990
155 991
155 992
155 993
156 973
156 974
156 975
156 976
156 991
156 992
156 993
156 994
157 974
157 975
157 976
157 992
157 993
157 994
157 995
158 975
158 976
158 977
158 993
158 994
158 995
158 996
159 976
159 977
159 978
159 994
159 995
159 996
160 977
160 978
160 979
160 995
160 996
160 997
161 977
161 978
161 979
161 980
161 996
161 997
161 998
162 978
162 979
162 980
162 981
162 996
162 997
162 998
162 999
163 979
163 980
163 981
163 982
163 997
163 998
163 999
163 1000
164 980
164 981
164 982
164 983
164 998
164 999
164 1000
164 1001
165 981
165 982
165 983
165 999
165 1000
165 1001
165 1002
166 982
166 983
166 984
166 1000
166 1001
166 1002
166 1003
167 983
167 984
167 985
167 1001
167 1002
167 1003
167 1004
168 983
168 984
168 985
168 986
168 1002
168 1003
168 1004
168 1005
169 984
169 985
169 986
169 987
169 1003
169 1004
169 1005
169 1006
170 985
170 986
170 987
170 988
170 1004
170 1005
170 1006
170 1007
171 986
171 987
171 988
171 989
171 1005
171 1006
171 1007
171 1008
172 987
172 988
172 989
172 1006
172 1007
172 1008
172 1009
173 988
173 989
173 990
173 1007
173 1008
173 1009
173 1010
174 988
174 989
174 990
174 991
174 1007
174 1008
174 1009
174 1010
174 1011
175 989
175 990
175 991
175 992
175 1008
175 1009
175 1010
175 1011
175 1012
176 990
176 991
176 992
176 993
176 1009
176 1010
176 1011
176 1012
176 1013
177 991
177 992
177 993
177 994
177 1010
177 1011
177 1012
177 1013
177 1014
178 992
178 993
178 994
178 1011
178 1012
178 1013
178 1014
178 1015
179 992
179 993
179 994
179 995
179 1012
179 1013
179 1014
179 1015
179 1016
179 1017
180 993
180 994
180 995
180 996
180 1013
180 1014
180 1015
180 1016
180 1017
180 1018
181 994
181 995
181 996
181 997
181 1014
181 1015
181 1016
181 1017
181 1018
181 1019
182 995
182 996
182 997
182 1015
182 1016
182 1017
182 1018
182 1019
182 1020
182 1021
183 995
183 996
183 997
183 998
183 1017
183 1018
183 1019
183 1020
183 1021
183 1022
184 996
184 997
184 998
184 999
184 1018
184 1019
184 1020
184 1021
184 1022
184 1023
185 997
185 998
185 999
185 1000
185 1019
185 1020
185 1021
185 1022
185 1023
185 1024
186 997
186 998
186 999
186 1000
186 1020
186 1021
186 1022
186 1023
186 1024
186 1025
187 998
187 999
187 1000
187 1001
187 1021
187 1022
187 1023
187 1024
187 1025
187 1026
187 1027
188 999
188 1000
188 1001
188 1002
188 1022
188 1023
188 1024
188 1025
188 1026
188 1027
188 1028
189 999
189 1000
189 1001
189 1002
189 1023
189 1024
189 1025
189 1026
189 1027
189 1028
189 1029
190 1000
190 1001
190 1002
190 1003
190 1024
190 1025
190 1026
190 1027
190 1028
190 1029
190 1030
191 1001
191 1002
191 1003
191 1004
191 1026
191 1027
191 1028
191 1029
191 1030
191 1031
192 1001
192 1002
192 1003
192 1004
192 1027
192 1028
192 1029
192 1030
192 1031
192 1032
193 1002
193 1003
193 1004
193 1005
193 1028
193 1029
193 1030
193 1031
193 1032
193 1033
194 1002
194 1003
194 1004
194 1005
194 1029
194 1030
194 1031
194 1032
194 1033
194 1034
195 1003
195 1004
195 1005
195 1006
195 1030
195 1031
195 1032
195 1033
195 1034
195 1035
196 1004
196 1005
196 1006
196 1007
196 1031
196 1032
196 1033
196 1034
196 1035
196 1036
197 1004
197 1005
197 1006
197 1007
197 1031
197 1032
197 1033
197 1034
197 1035
197 1036
197 1037
198 1005
198 1006
198 1007
198 1008
198 1032
198 1033
198 1034
198 1035
198 1036
198 1037
198 1038
199 1005
199 1006
199 1007
199 1008
199 1009
199 1033
199 1034
199 1035
199 1036
199 1037
199 1038
199 1039
200 1006
200 1007
200 1008
200 1009
200 1034
200 1035
200 1036
200 1037
200 1038
200 1039
200 1040
201 1007
201 1008
201 1009
201 1010
201 1035
201 1036
201 1037
201 1038
201 1039
201 1040
201 1041
202 1007
202 1008
202 1009
202 1010
202 1011
202 1036
202 1037
202 1038
202 1039
202 1040
202 1041
202 1042
203 1008
203 1009
203 1010
203 1011
203 1037
203 1038
203 1039
203 1040
203 1041
203 1042
203 1043
204 1008
204 1009
204 1010
204 1011
204 1012
204 1038
204 1039
204 1040
204 1041
204 1042
204 1043
204 1044
205 1009
205 1010
205 1011
205 1012
205 1013
205 1039
205 1040
205 1041
205 1042
205 1043
205 1044
205 1045
206 1010
206 1011
206 1012
206 1013
206 1040
206 1041
206 1042
206 1043
206 1044
206 1045
207 1010
207 1011
207 1012
207 1013
207 1014
207 1041
207 1042
207 1043
207 1044
207 1045
207 1046
208 1011
208 1012
208 1013
208 1014
208 1015
208 1042
208 1043
208 1044
208 1045
208 1046
208 1047
209 1012
209 1013
209 1014
209 1015
209 1016
209 1043
209 1044
209 1045
209 1046
209 1047
209 1048
210 1012
210 1013
210 1014
210 1015
210 1016
210 1044
210 1045
210 1046
210 1047
210 1048
210 1049
211 1013
211 1014
211 1015
211 1016
211 1017
211 1045
211 1046
211 1047
211 1048
211 1049
211 1050
212 1014
212 1015
212 1016
212 1017
212 1018
212 1045
212 1046
212 1047
212 1048
212 1049
212 1050
212 1051
213 1014
213 1015
213 1016
213 1017
213 1018
213 1019
213 1046
213 1047
213 1048
213 1049
213 1050
213 1051
213 1052
214 1015
214 1016
214 1017
214 1018
214 1019
214 1020
214 1047
214 1048
214 1049
214 1050
214 1051
214 1052
215 1016
215 1017
215 1018
215 1019
215 1020
215 1021
215 1048
215 1049
215 1050
215 1051
215 1052
215 1053
216 1017
216 1018
216 1019
216 1020
216 1021
216 1022
216 1049
216 1050
216 1051
216 1052
216 1053
216 1054
217 1017
217 1018
217 1019
217 1020
217 1021
217 1022
217 1023
217 1050
217 1051
217 1052
217 1053
217 1054
217 1055
218 1018
218 1019
218 1020
218 1021
218 1022
218 1023
218 1024
218 1051
218 1052
218 1053
218 1054
218 1055
218 1056
219 1019
219 1020
219 1021
219 1022
219 1023
219 1024
219 1025
219 1052
219 1053
219 1054
219 1055
219 1056
219 1057
220 1020
220 1021
220 1022
220 1023
220 1024
220 1025
220 1026
220 1053
220 1054
220 1055
220 1056
220 1057
221 1021
221 1022
221 1023
221 1024
221 1025
221 1026
221 1027
221 1053
221 1054
221 1055
221 1056
221 1057
221 1058
222 1022
222 1023
222 1024
222 1025
222 1026
222 1027
222 1054
222 1055
222 1056
222 1057
222 1058
222 1059
223 1023
223 1024
223 1025
223 1026
223 1027
223 1028
223 1055
223 1056
223 1057
223 1058
223 1059
223 1060
224 1024
224 1025
224 1026
224 1027
224 1028
224 1029
224 1030
224 1056
224 1057
224 1058
224 1059
224 1060
224 1061
225 1025
225 1026
225 1027
225 1028
225 1029
225 1030
225 1031
225 1057
225 1058
225 1059
225 1060
225 1061
225 1062
226 1026
226 1027
226 1028
226 1029
226 1030
226 1031
226 1032
226 1058
226 1059
226 1060
226 1061
226 1062
226 1063
227 1027
227 1028
227 1029
227 1030
227 1031
227 1032
227 1033
227 1059
227 1060
227 1061
227 1062
227 1063
228 1028
228 1029
228 1030
228 1031
228 1032
228 1033
228 1034
228 1060
228 1061
228 1062
228 1063
228 1064
229 1029
229 1030
229 1031
229 1032
229 1033
229 1034
229 1035
229 1061
229 1062
229 1063
229 1064
229 1065
230 1030
230 1031
230 1032
230 1033
230 1034
230 1035
230 1036
230 1062
230 1063
230 1064
230 1065
230 1066
231 1031
231 1032
231 1033
231 1034
231 1035
231 1036
231 1037
231 1062
231 1063
231 1064
231 1065
231 1066
231 1067
232 1032
232 1033
232 1034
232 1035
232 1036
232 1037
232 1038
232 1063
232 1064
232 1065
232 1066
232 1067
232 1068
233 1033
233 1034
233 1035
233 1036
233 1037
233 1038
233 1039
233 1064
233 1065
233 1066
233 1067
233 1068
233 1069
234 1035
234 1036
234 1037
234 1038
234 1039
234 1040
234 1065
234 1066
234 1067
234 1068
234 1069
234 1070
235 1036
235 1037
235 1038
235 1039
235 1040
235 1041
235 1066
235 1067
235 1068
235 1069
235 1070
236 1037
236 1038
236 1039
236 1040
236 1041
236 1042
236 1067
236 1068
236 1069
236 1070
236 1071
237 1038
237 1039
237 1040
237 1041
237 1042
237 1043
237 1044
237 1068
237 1069
237 1070
237 1071
237 1072
238 1039
238 1040
238 1041
238 1042
238 1043
238 1044
238 1045
238 1069
238 1070
238 1071
238 1072
238 1073
239 1040
239 1041
239 1042
239 1043
239 1044
239 1045
239 1046
239 1070
239 1071
239 1072
239 1073
239 1074
240 1041
240 1042
240 1043
240 1044
240 1045
240 1046
240 1047
240 1071
240 1072
240 1073
240 1074
240 1075
241 1042
241 1043
241 1044
241 1045
241 1046
241 1047
241 1048
241 1071
241 1072
241 1073
241 1074
241 1075
241 1076
242 1044
242 1045
242 1046
242 1047
242 1048
242 1049
242 1072
242 1073
242 1074
242 1075
242 1076
242 1077
243 1045
243 1046
243 1047
243 1048
243 1049
243 1050
243 1073
243 1074
243 1075
243 1076
243 1077
243 1078
244 1046
244 1047
244 1048
244 1049
244 1050
244 1051
244 1074
244 1075
244 1076
244 1077
244 1078
244 1079
245 1047
245 1048
245 1049
245 1050
245 1051
245 1052
245 1075
245 1076
245 1077
245 1078
245 1079
245 1080
246 1048
246 1049
246 1050
246 1051
246 1052
246 1053
246 1076
246 1077
246 1078
246 1079
246 1080
247 1049
247 1050
247 1051
247 1052
247 1053
247 1054
247 1077
247 1078
247 1079
247 1080
247 1081
248 1050
248 1051
248 1052
248 1053
248 1054
248 1055
248 1078
248 1079
248 1080
248 1081
248 1082
249 1051
249 1052
249 1053
249 1054
249 1055
249 1056
249 1079
249 1080
249 1081
249 1082
249 1083
250 1052
250 1053
250 1054
250 1055
250 1056
250 1057
250 1080
250 1081
250 1082
250 1083
250 1084
251 1053
251 1054
251 1055
251 1056
251 1057
251 1058
251 1081
251 1082
251 1083
251 1084
251 1085
252 1054
252 1055
252 1056
252 1057
252 1058
252 1059
252 1082
252 1083
252 1084
252 1085
252 1086
253 1055
253 1056
253 1057
253 1058
253 1059
253 1060
253 1083
253 1084
253 1085
253 1086
253 1087
254 1056
254 1057
254 1058
254 1059
254 1060
254 1061
254 1083
254 1084
254 1085
254 1086
254 1087
254 1088
255 1057
255 1058
255 1059
255 1060
255 1061
255 1062
255 1084
255 1085
255 1086
255 1087
255 1088
255 1089
255 1090
256 1058
256 1059
256 1060
256 1061
256 1062
256 1063
256 1085
256 1086
256 1087
256 1088
256 1089
256 1090
256 1091
257 1059
257 1060
257 1061
257 1062
257 1063
257 1064
257 1086
257 1087
257 1088
257 1089
257 1090
257 1091
257 1092
258 1060
258 1061
258 1062
258 1063
258 1064
258 1065
258 1088
258 1089
258 1090
258 1091
258 1092
258 1093
259 1061
259 1062
259 1063
259 1064
259 1065
259 1089
259 1090
259 1091
259 1092
259 1093
259 1094
260 1062
260 1063
260 1064
260 1065
260 1066
260 1090
260 1091
260 1092
260 1093
260 1094
260 1095
261 1063
261 1064
261 1065
261 1066
261 1067
261 1091
261 1092
261 1093
261 1094
261 1095
261 1096
262 1064
262 1065
262 1066
262 1067
262 1068
262 1091
262 1092
262 1093
262 1094
262 1095
262 1096
262 1097
263 1065
263 1066
263 1067
263 1068
263 1069
263 1092
263 1093
263 1094
263 1095
263 1096
263 1097
263 1098
264 1065
264 1066
264 1067
264 1068
264 1069
264 1070
264 1093
264 1094
264 1095
264 1096
264 1097
264 1098
264 1099
265 1066
265 1067
265 1068
265 1069
265 1070
265 1094
265 1095
265 1096
265 1097
265 1098
265 1099
265 1100
266 1067
266 1068
266 1069
266 1070
266 1071
266 1095
266 1096
266 1097
266 1098
266 1099
266 1100
267 1068
267 1069
267 1070
267 1071
267 1072
267 1096
267 1097
267 1098
267 1099
267 1100
268 1068
268 1069
268 1070
268 1071
268 1072
268 1073
268 1097
268 1098
268 1099
268 1100
269 1069
269 1070
269 1071
269 1072
269 1073
269 1098
269 1099
269 1100
270 1070
270 1071
270 1072
270 1073
270 1074
270 1099
270 1100
271 1071
271 1072
271 1073
271 1074
271 1075
271 1099
271 1100
272 1071
272 1072
272 1073
272 1074
272 1075
272 1076
272 1100
273 1072
273 1073
273 1074
273 1075
273 1076
274 1072
274 1073
274 1074
274 1075
274 1076
274 1077
275 1073
275 1074
275 1075
275 1076
275 1077
276 1074
276 1075
276 1076
276 1077
276 1078
277 1074
277 1075
277 1076
277 1077
277 1078
277 1079
278 1075
278 1076
278 1077
278 1078
278 1079
279 1075
279 1076
279 1077
279 1078
279 1079
279 1080
280 1076
280 1077
280 1078
280 1079
280 1080
281 1077
281 1078
281 1079
281 1080
281 1081
282 1077
282 1078
282 1079
282 1080
282 1081
282 1082
283 1078
283 1079
283 1080
283 1081
283 1082
284 1078
284 1079
284 1080
284 1081
284 1082
284 1083
285 1079
285 1080
285 1081
285 1082
285 1083
286 1079
286 1080
286 1081
286 1082
286 1083
286 1084
287 1079
287 1080
287 1081
287 1082
287 1083
287 1084
288 1080
288 1081
288 1082
288 1083
288 1084
288 1085
289 1080
289 1081
289 1082
289 1083
289 1084
289 1085
290 1081
290 1082
290 1083
290 1084
290 1085
290 1086
291 1081
291 1082
291 1083
291 1084
291 1085
291 1086
292 1082
292 1083
292 1084
292 1085
292 1086
292 1087
293 1082
293 1083
293 1084
293 1085
293 1086
293 1087
294 1082
294 1083
294 1084
294 1085
294 1086
294 1087
294 1088
295 1083
295 1084
295 1085
295 1086
295 1087
295 1088
296 1083
296 1084
296 1085
296 1086
296 1087
296 1088
296 1089
297 1083
297 1084
297 1085
297 1086
297 1087
297 1088
297 1089
298 1084
298 1085
298 1086
298 1087
298 1088
298 1089
298 1090
299 1084
299 1085
299 1086
299 1087
299 1088
299 1089
299 1090
300 1084
300 1085
300 1086
300 1087
300 1088
300 1089
300 1090
300 1091
301 1085
301 1086
301 1087
301 1088
301 1089
301 1090
301 1091
302 1085
302 1086
302 1087
302 1088
302 1089
302 1090
302 1091
302 1092
303 1085
303 1086
303 1087
303 1088
303 1089
303 1090
303 1091
303 1092
304 1086
304 1087
304 1088
304 1089
304 1090
304 1091
304 1092
304 1093
305 1086
305 1087
305 1088
305 1089
305 1090
305 1091
305 1092
305 1093
305 1094
306 1086
306 1087
306 1088
306 1089
306 1090
306 1091
306 1092
306 1093
306 1094
306 1095
307 1086
307 1087
307 1088
307 1089
307 1090
307 1091
307 1092
307 1093
307 1094
307 1095
307 1096
307 1097
308 1087
308 1088
308 1089
308 1090
308 1091
308 1092
308 1093
308 1094
308 1095
308 1096
308 1097
308 1098
308 1099
308 1100
309 1087
309 1088
309 1089
309 1090
309 1091
309 1092
309 1093
309 1094
309 1095
309 1096
309 1097
309 1098
309 1099
309 1100
310 1087
310 1088
310 1089
310 1090
310 1091
310 1092
310 1093
310 1094
310 1095
310 1096
310 1097
310 1098
310 1099
310 1100
311 1088
311 1089
311 1090
311 1091
311 1092
311 1093
311 1094
311 1095
311 1096
311 1097
311 1098
311 1099
311 1100
312 1088
312 1089
312 1090
312 1091
312 1092
312 1093
312 1094
312 1095
312 1096
312 1097
312 1098
312 1099
312 1100
313 1088
313 1089
313 1090
313 1091
313 1092
313 1093
313 1094
313 1095
313 1096
313 1097
313 1098
313 1099
313 1100
314 1089
314 1090
314 1091
314 1092
314 1093
314 1094
314 1095
314 1096
314 1097
314 1098
314 1099
314 1100
315 1089
315 1090
315 1091
315 1092
315 1093
315 1094
315 1095
315 1096
315 1097
315 1098
315 1099
315 1100
316 1090
316 1091
316 1092
316 1093
316 1094
316 1095
316 1096
316 1097
316 1098
316 1099
316 1100
317 1091
317 1092
317 1093
317 1094
317 1095
317 1096
317 1097
317 1098
317 1099
317 1100
318 1093
318 1094
318 1095
318 1096
318 1097
