3 53
4 54
4 55
4 56
5 55
5 56
5 57
5 58
6 56
6 57
6 58
6 59
6 60
7 57
7 58
7 59
7 60
7 61
7 62
7 63
8 58
8 59
8 60
8 61
8 62
8 63
8 64
8 65
9 59
9 60
9 61
9 62
9 63
9 64
9 65
9 66
10 60
10 61
10 62
10 63
10 64
10 65
10 66
10 67
10 68
11 61
11 62
11 63
11 64
11 65
11 66
11 67
11 68
11 69
11 70
11 1831
11 1832
11 1833
12 62
12 63
12 64
12 65
12 66
12 67
12 68
12 69
12 70
12 71
12 1825
12 1826
12 1827
12 1828
12 1829
12 1830
12 1831
12 1832
12 1833
12 1834
12 1835
12 1836
12 1837
12 1838
12 1839
13 63
13 64
13 65
13 66
13 67
13 68
13 69
13 70
13 71
13 72
13 73
13 1823
13 1824
13 1825
13 1826
13 1827
13 1828
13 1829
13 1830
13 1831
13 1832
13 1833
13 1834
13 1835
13 1836
13 1837
13 1838
13 1839
13 1840
13 1841
14 64
14 65
14 66
14 67
14 68
14 69
14 70
14 71
14 72
14 73
14 74
14 1821
14 1822
14 1823
14 1824
14 1825
14 1826
14 1827
14 1828
14 1829
14 1830
14 1831
14 1832
14 1833
14 1834
14 1835
14 1836
14 1837
14 1838
14 1839
14 1840
14 1841
14 1842
14 1843
15 65
15 66
15 67
15 68
15 69
15 70
15 71
15 72
15 73
15 74
15 75
15 1820
15 1821
15 1822
15 1823
15 1824
15 1825
15 1826
15 1827
15 1828
15 1829
15 1830
15 1831
15 1832
15 1833
15 1834
15 1835
15 1836
15 1837
15 1838
15 1839
15 1840
15 1841
15 1842
15 1843
15 1844
16 66
16 67
16 68
16 69
16 70
16 71
16 72
16 73
16 74
16 75
16 76
16 1818
16 1819
16 1820
16 1821
16 1822
16 1823
16 1824
16 1825
16 1826
16 1827
16 1828
16 1829
16 1830
16 1831
16 1832
16 1833
16 1834
16 1835
16 1836
16 1837
16 1838
16 1839
16 1840
16 1841
16 1842
16 1843
16 1844
16 1845
17 67
17 68
17 69
17 70
17 71
17 72
17 73
17 74
17 75
17 76
17 77
17 1818
17 1819
17 1820
17 1821
17 1822
17 1823
17 1824
17 1825
17 1826
17 1827
17 1828
17 1829
17 1830
17 1831
17 1832
17 1833
17 1834
17 1835
17 1836
17 1837
17 1838
17 1839
17 1840
17 1841
17 1842
17 1843
17 1844
17 1845
17 1846
18 68
18 69
18 70
18 71
18 72
18 73
18 74
18 75
18 76
18 77
18 78
18 1817
18 1818
18 1819
18 1820
18 1821
18 1822
18 1823
18 1824
18 1825
18 1826
18 1827
18 1828
18 1829
18 1830
18 1831
18 1832
18 1833
18 1834
18 1835
18 1836
18 1837
18 1838
18 1839
18 1840
18 1841
18 1842
18 1843
18 1844
18 1845
18 1846
18 1847
19 69
19 70
19 71
19 72
19 73
19 74
19 75
19 76
19 77
19 78
19 1816
19 1817
19 1818
19 1819
19 1820
19 1821
19 1822
19 1823
19 1824
19 1825
19 1826
19 1827
19 1828
19 1829
19 1830
19 1831
19 1832
19 1833
19 1834
19 1835
19 1836
19 1837
19 1838
19 1839
19 1840
19 1841
19 1842
19 1843
19 1844
19 1845
19 1846
19 1847
19 1848
20 70
20 71
20 72
20 73
20 74
20 75
20 76
20 77
20 78
20 79
20 1816
20 1817
20 1818
20 1819
20 1820
20 1821
20 1822
20 1823
20 1824
20 1825
20 1826
20 1827
20 1828
20 1829
20 1830
20 1831
20 1832
20 1833
20 1834
20 1835
20 1836
20 1837
20 1838
20 1839
20 1840
20 1841
20 1842
20 1843
20 1844
20 1845
20 1846
20 1847
20 1848
21 71
21 72
21 73
21 74
21 75
21 76
21 77
21 78
21 79
21 1815
21 1816
21 1817
21 1818
21 1819
21 1820
21 1821
21 1822
21 1823
21 1824
21 1825
21 1826
21 1827
21 1828
21 1829
21 1830
21 1831
21 1832
21 1833
21 1834
21 1835
21 1836
21 1837
21 1838
21 1839
21 1840
21 1841
21 1842
21 1843
21 1844
21 1845
21 1846
21 1847
21 1848
21 1849
22 72
22 73
22 74
22 75
22 76
22 77
22 78
22 79
22 80
22 1815
22 1816
22 1817
22 1818
22 1819
22 1820
22 1821
22 1822
22 1823
22 1824
22 1825
22 1826
22 1827
22 1828
22 1829
22 1830
22 1831
22 1832
22 1833
22 1834
22 1835
22 1836
22 1837
22 1838
22 1839
22 1840
22 1841
22 1842
22 1843
22 1844
22 1845
22 1846
22 1847
22 1848
22 1849
23 73
23 74
23 75
23 76
23 77
23 78
23 79
23 80
23 1815
23 1816
23 1817
23 1818
23 1819
23 1820
23 1821
23 1822
23 1823
23 1824
23 1825
23 1826
23 1827
23 1828
23 1829
23 1830
23 1831
23 1832
23 1833
23 1834
23 1835
23 1836
23 1837
23 1838
23 1839
23 1840
23 1841
23 1842
23 1843
23 1844
23 1845
23 1846
23 1847
23 1848
23 1849
23 1850
24 74
24 75
24 76
24 77
24 78
24 79
24 80
24 1815
24 1816
24 1817
24 1818
24 1819
24 1820
24 1821
24 1822
24 1823
24 1824
24 1825
24 1826
24 1827
24 1828
24 1829
24 1830
24 1831
24 1832
24 1833
24 1834
24 1835
24 1836
24 1837
24 1838
24 1839
24 1840
24 1841
24 1842
24 1843
24 1844
24 1845
24 1846
24 1847
24 1848
24 1849
24 1850
25 75
25 76
25 77
25 78
25 79
25 80
25 1814
25 1815
25 1816
25 1817
25 1818
25 1819
25 1820
25 1821
25 1822
25 1823
25 1824
25 1825
25 1826
25 1827
25 1828
25 1829
25 1830
25 1831
25 1832
25 1833
25 1834
25 1835
25 1836
25 1837
25 1838
25 1839
25 1840
25 1841
25 1842
25 1843
25 1844
25 1845
25 1846
25 1847
25 1848
25 1849
25 1850
25 1851
26 76
26 77
26 78
26 79
26 80
26 81
26 1814
26 1815
26 1816
26 1817
26 1818
26 1819
26 1820
26 1821
26 1822
26 1823
26 1824
26 1825
26 1826
26 1827
26 1828
26 1829
26 1830
26 1831
26 1832
26 1833
26 1834
26 1835
26 1836
26 1837
26 1838
26 1839
26 1840
26 1841
26 1842
26 1843
26 1844
26 1845
26 1846
26 1847
26 1848
26 1849
26 1850
26 1851
27 77
27 78
27 79
27 80
27 81
27 1814
27 1815
27 1816
27 1817
27 1818
27 1819
27 1820
27 1821
27 1822
27 1823
27 1824
27 1825
27 1826
27 1827
27 1828
27 1829
27 1830
27 1831
27 1832
27 1833
27 1834
27 1835
27 1836
27 1837
27 1838
27 1839
27 1840
27 1841
27 1842
27 1843
27 1844
27 1845
27 1846
27 1847
27 1848
27 1849
27 1850
27 1851
28 78
28 79
28 80
28 81
28 1814
28 1815
28 1816
28 1817
28 1818
28 1819
28 1820
28 1821
28 1822
28 1823
28 1824
28 1825
28 1826
28 1827
28 1828
28 1829
28 1830
28 1831
28 1832
28 1833
28 1834
28 1835
28 1836
28 1837
28 1838
28 1839
28 1840
28 1841
28 1842
28 1843
28 1844
28 1845
28 1846
28 1847
28 1848
28 1849
28 1850
28 1851
29 79
29 80
29 81
29 1814
29 1815
29 1816
29 1817
29 1818
29 1819
29 1820
29 1821
29 1822
29 1823
29 1824
29 1825
29 1826
29 1827
29 1828
29 1829
29 1830
29 1831
29 1832
29 1833
29 1834
29 1835
29 1836
29 1837
29 1838
29 1839
29 1840
29 1841
29 1842
29 1843
29 1844
29 1845
29 1846
29 1847
29 1848
29 1849
29 1850
29 1851
29 1852
30 80
30 81
30 1814
30 1815
30 1816
30 1817
30 1818
30 1819
30 1820
30 1821
30 1822
30 1823
30 1824
30 1825
30 1826
30 1827
30 1828
30 1829
30 1830
30 1831
30 1832
30 1833
30 1834
30 1835
30 1836
30 1837
30 1838
30 1839
30 1840
30 1841
30 1842
30 1843
30 1844
30 1845
30 1846
30 1847
30 1848
30 1849
30 1850
30 1851
30 1852
31 81
31 1813
31 1814
31 1815
31 1816
31 1817
31 1818
31 1819
31 1820
31 1821
31 1822
31 1823
31 1824
31 1825
31 1826
31 1827
31 1828
31 1829
31 1830
31 1831
31 1832
31 1833
31 1834
31 1835
31 1836
31 1837
31 1838
31 1839
31 1840
31 1841
31 1842
31 1843
31 1844
31 1845
31 1846
31 1847
31 1848
31 1849
31 1850
31 1851
31 1852
32 82
32 1813
32 1814
32 1815
32 1816
32 1817
32 1818
32 1819
32 1820
32 1821
32 1822
32 1823
32 1824
32 1825
32 1826
32 1827
32 1828
32 1829
32 1830
32 1831
32 1832
32 1833
32 1834
32 1835
32 1836
32 1838
32 1839
32 1840
32 1841
32 1842
32 1843
32 1844
32 1845
32 1846
32 1847
32 1848
32 1849
32 1850
32 1851
32 1852
33 1813
33 1814
33 1815
33 1816
33 1817
33 1818
33 1819
33 1820
33 1821
33 1822
33 1823
33 1824
33 1825
33 1826
33 1827
33 1828
33 1829
33 1830
33 1831
33 1832
33 1833
33 1840
33 1841
33 1842
33 1843
33 1844
33 1845
33 1846
33 1847
33 1848
33 1849
33 1850
33 1851
33 1852
34 1813
34 1814
34 1815
34 1816
34 1817
34 1818
34 1819
34 1820
34 1821
34 1822
34 1823
34 1824
34 1825
34 1826
34 1827
34 1828
34 1829
34 1830
34 1831
34 1832
34 1841
34 1842
34 1843
34 1844
34 1845
34 1846
34 1847
34 1848
34 1849
34 1850
34 1851
34 1852
34 1853
35 1813
35 1814
35 1815
35 1816
35 1817
35 1818
35 1819
35 1820
35 1821
35 1822
35 1823
35 1824
35 1825
35 1826
35 1827
35 1828
35 1829
35 1830
35 1831
35 1832
35 1842
35 1843
35 1844
35 1845
35 1846
35 1847
35 1848
35 1849
35 1850
35 1851
35 1852
35 1853
36 1813
36 1814
36 1815
36 1816
36 1817
36 1818
36 1819
36 1820
36 1821
36 1822
36 1823
36 1824
36 1825
36 1826
36 1827
36 1828
36 1829
36 1830
36 1831
36 1842
36 1843
36 1844
36 1845
36 1846
36 1847
36 1848
36 1849
36 1850
36 1851
36 1852
36 1853
37 1813
37 1814
37 1815
37 1816
37 1817
37 1818
37 1819
37 1820
37 1821
37 1822
37 1823
37 1824
37 1825
37 1826
37 1827
37 1828
37 1829
37 1830
37 1843
37 1844
37 1845
37 1846
37 1847
37 1848
37 1849
37 1850
37 1851
37 1852
37 1853
38 1813
38 1814
38 1815
38 1816
38 1817
38 1818
38 1819
38 1820
38 1821
38 1822
38 1823
38 1824
38 1825
38 1826
38 1827
38 1828
38 1829
38 1830
38 1843
38 1844
38 1845
38 1846
38 1847
38 1848
38 1849
38 1850
38 1851
38 1852
38 1853
39 1813
39 1814
39 1815
39 1816
39 1817
39 1818
39 1819
39 1820
39 1821
39 1822
39 1823
39 1824
39 1825
39 1826
39 1827
39 1828
39 1829
39 1844
39 1845
39 1846
39 1847
39 1848
39 1849
39 1850
39 1851
39 1852
39 1853
40 1813
40 1814
40 1815
40 1816
40 1817
40 1818
40 1819
40 1820
40 1821
40 1822
40 1823
40 1824
40 1825
40 1826
40 1827
40 1828
40 1829
40 1844
40 1845
40 1846
40 1847
40 1848
40 1849
40 1850
40 1851
40 1852
40 1853
40 1854
41 1813
41 1814
41 1815
41 1816
41 1817
41 1818
41 1819
41 1820
41 1821
41 1822
41 1823
41 1824
41 1825
41 1826
41 1827
41 1828
41 1845
41 1846
41 1847
41 1848
41 1849
41 1850
41 1851
41 1852
41 1853
41 1854
42 1813
42 1814
42 1815
42 1816
42 1817
42 1818
42 1819
42 1820
42 1821
42 1822
42 1823
42 1824
42 1825
42 1826
42 1827
42 1828
42 1845
42 1846
42 1847
42 1848
42 1849
42 1850
42 1851
42 1852
42 1853
42 1854
43 1812
43 1813
43 1814
43 1815
43 1816
43 1817
43 1818
43 1819
43 1820
43 1821
43 1822
43 1823
43 1824
43 1825
43 1826
43 1827
43 1828
43 1845
43 1846
43 1847
43 1848
43 1849
43 1850
43 1851
43 1852
43 1853
43 1854
44 1812
44 1813
44 1814
44 1815
44 1816
44 1817
44 1818
44 1819
44 1820
44 1821
44 1822
44 1823
44 1824
44 1825
44 1826
44 1827
44 1846
44 1847
44 1848
44 1849
44 1850
44 1851
44 1852
44 1853
44 1854
45 1812
45 1813
45 1814
45 1815
45 1816
45 1817
45 1818
45 1819
45 1820
45 1821
45 1822
45 1823
45 1824
45 1825
45 1826
45 1827
45 1846
45 1847
45 1848
45 1849
45 1850
45 1851
45 1852
45 1853
45 1854
45 1855
46 1812
46 1813
46 1814
46 1815
46 1816
46 1817
46 1818
46 1819
46 1820
46 1821
46 1822
46 1823
46 1824
46 1825
46 1826
46 1847
46 1848
46 1849
46 1850
46 1851
46 1852
46 1853
46 1854
46 1855
47 1812
47 1813
47 1814
47 1815
47 1816
47 1817
47 1818
47 1819
47 1820
47 1821
47 1822
47 1823
47 1824
47 1825
47 1826
47 1847
47 1848
47 1849
47 1850
47 1851
47 1852
47 1853
47 1854
47 1855
48 1812
48 1813
48 1814
48 1815
48 1816
48 1817
48 1818
48 1819
48 1820
48 1821
48 1822
48 1823
48 1824
48 1825
48 1848
48 1849
48 1850
48 1851
48 1852
48 1853
48 1854
48 1855
49 1812
49 1813
49 1814
49 1815
49 1816
49 1817
49 1818
49 1819
49 1820
49 1821
49 1822
49 1823
49 1824
49 1825
49 1848
49 1849
49 1850
49 1851
49 1852
49 1853
49 1854
49 1855
50 1812
50 1813
50 1814
50 1815
50 1816
50 1817
50 1818
50 1819
50 1820
50 1821
50 1822
50 1823
50 1824
50 1849
50 1850
50 1851
50 1852
50 1853
50 1854
50 1855
50 1856
51 1811
51 1812
51 1813
51 1814
51 1815
51 1816
51 1817
51 1818
51 1819
51 1820
51 1821
51 1822
51 1823
51 1824
51 1849
51 1850
51 1851
51 1852
51 1853
51 1854
51 1855
51 1856
52 1811
52 1812
52 1813
52 1814
52 1815
52 1816
52 1817
52 1818
52 1819
52 1820
52 1821
52 1822
52 1823
52 1850
52 1851
52 1852
52 1853
52 1854
52 1855
52 1856
53 1811
53 1812
53 1813
53 1814
53 1815
53 1816
53 1817
53 1818
53 1819
53 1820
53 1821
53 1822
53 1823
53 1850
53 1851
53 1852
53 1853
53 1854
53 1855
53 1856
53 1857
54 1811
54 1812
54 1813
54 1814
54 1815
54 1816
54 1817
54 1818
54 1819
54 1820
54 1821
54 1822
54 1851
54 1852
54 1853
54 1854
54 1855
54 1856
54 1857
55 1810
55 1811
55 1812
55 1813
55 1814
55 1815
55 1816
55 1817
55 1818
55 1819
55 1820
55 1821
55 1822
55 1851
55 1852
55 1853
55 1854
55 1855
55 1856
55 1857
56 1810
56 1811
56 1812
56 1813
56 1814
56 1815
56 1816
56 1817
56 1818
56 1819
56 1820
56 1821
56 1852
56 1853
56 1854
56 1855
56 1856
56 1857
56 1858
57 1810
57 1811
57 1812
57 1813
57 1814
57 1815
57 1816
57 1817
57 1818
57 1819
57 1820
57 1852
57 1853
57 1854
57 1855
57 1856
57 1857
57 1858
58 1809
58 1810
58 1811
58 1812
58 1813
58 1814
58 1815
58 1816
58 1817
58 1818
58 1819
58 1820
58 1853
58 1854
58 1855
58 1856
58 1857
58 1858
59 1809
59 1810
59 1811
59 1812
59 1813
59 1814
59 1815
59 1816
59 1817
59 1818
59 1819
59 1853
59 1854
59 1855
59 1856
59 1857
59 1858
59 1859
60 1808
60 1809
60 1810
60 1811
60 1812
60 1813
60 1814
60 1815
60 1816
60 1817
60 1818
60 1854
60 1855
60 1856
60 1857
60 1858
60 1859
61 1808
61 1809
61 1810
61 1811
61 1812
61 1813
61 1814
61 1815
61 1816
61 1817
61 1818
61 1854
61 1855
61 1856
61 1857
61 1858
61 1859
62 1808
62 1809
62 1810
62 1811
62 1812
62 1813
62 1814
62 1815
62 1816
62 1817
62 1855
62 1856
62 1857
62 1858
62 1859
62 1860
63 1807
63 1808
63 1809
63 1810
63 1811
63 1812
63 1813
63 1814
63 1815
63 1816
63 1855
63 1856
63 1857
63 1858
63 1859
63 1860
64 1807
64 1808
64 1809
64 1810
64 1811
64 1812
64 1813
64 1814
64 1815
64 1855
64 1856
64 1857
64 1858
64 1859
64 1860
65 1806
65 1807
65 1808
65 1809
65 1810
65 1811
65 1812
65 1813
65 1814
65 1815
65 1856
65 1857
65 1858
65 1859
65 1860
65 1861
66 1806
66 1807
66 1808
66 1809
66 1810
66 1811
66 1812
66 1813
66 1814
66 1856
66 1857
66 1858
66 1859
66 1860
66 1861
67 1805
67 1806
67 1807
67 1808
67 1809
67 1810
67 1811
67 1812
67 1813
67 1856
67 1857
67 1858
67 1859
67 1860
67 1861
68 1805
68 1806
68 1807
68 1808
68 1809
68 1810
68 1811
68 1812
68 1857
68 1858
68 1859
68 1860
68 1861
69 1804
69 1805
69 1806
69 1807
69 1808
69 1809
69 1810
69 1811
69 1812
69 1857
69 1858
69 1859
69 1860
69 1861
70 1803
70 1804
70 1805
70 1806
70 1807
70 1808
70 1809
70 1810
70 1811
70 1857
70 1858
70 1859
70 1860
70 1861
71 1803
71 1804
71 1805
71 1806
71 1807
71 1808
71 1809
71 1810
71 1857
71 1858
71 1859
71 1860
71 1861
71 1862
72 1802
72 1803
72 1804
72 1805
72 1806
72 1807
72 1808
72 1809
72 1857
72 1858
72 1859
72 1860
72 1861
72 1862
73 1801
73 1802
73 1803
73 1804
73 1805
73 1806
73 1807
73 1808
73 1857
73 1858
73 1859
73 1860
73 1861
73 1862
74 1800
74 1801
74 1802
74 1803
74 1804
74 1805
74 1806
74 1807
74 1856
74 1857
74 1858
74 1859
74 1860
74 1861
75 1800
75 1801
75 1802
75 1803
75 1804
75 1805
75 1806
75 1856
75 1857
75 1858
75 1859
75 1860
75 1861
76 1799
76 1800
76 1801
76 1802
76 1803
76 1804
76 1805
76 1856
76 1857
76 1858
76 1859
76 1860
76 1861
77 1798
77 1799
77 1800
77 1801
77 1802
77 1803
77 1804
77 1855
77 1856
77 1857
77 1858
77 1859
77 1860
77 1861
78 1797
78 1798
78 1799
78 1800
78 1801
78 1802
78 1803
78 1854
78 1855
78 1856
78 1857
78 1858
78 1859
78 1860
79 1797
79 1798
79 1799
79 1800
79 1801
79 1802
79 1854
79 1855
79 1856
79 1857
79 1858
79 1859
79 1860
80 1796
80 1797
80 1798
80 1799
80 1800
80 1801
80 1853
80 1854
80 1855
80 1856
80 1857
80 1858
80 1859
81 1795
81 1796
81 1797
81 1798
81 1799
81 1800
81 1851
81 1852
81 1853
81 1854
81 1855
81 1856
81 1857
81 1858
81 1859
82 1794
82 1795
82 1796
82 1797
82 1798
82 1799
82 1850
82 1851
82 1852
82 1853
82 1854
82 1855
82 1856
82 1857
82 1858
83 1793
83 1794
83 1795
83 1796
83 1797
83 1798
83 1849
83 1850
83 1851
83 1852
83 1853
83 1854
83 1855
83 1856
83 1857
84 1792
84 1793
84 1794
84 1795
84 1796
84 1797
84 1847
84 1848
84 1849
84 1850
84 1851
84 1852
84 1853
84 1854
84 1855
84 1856
85 1792
85 1793
85 1794
85 1795
85 1796
85 1844
85 1845
85 1846
85 1847
85 1848
85 1849
85 1850
85 1851
85 1852
85 1853
85 1854
85 1855
86 1791
86 1792
86 1793
86 1794
86 1795
86 1841
86 1842
86 1843
86 1844
86 1845
86 1846
86 1847
86 1848
86 1849
86 1850
86 1851
86 1852
86 1853
87 1790
87 1791
87 1792
87 1793
87 1794
87 1838
87 1839
87 1840
87 1841
87 1842
87 1843
87 1844
87 1845
87 1846
87 1847
87 1848
87 1849
87 1850
87 1851
87 1852
88 1789
88 1790
88 1791
88 1792
88 1793
88 1835
88 1836
88 1837
88 1838
88 1839
88 1840
88 1841
88 1842
88 1843
88 1844
88 1845
88 1846
88 1847
88 1848
88 1849
88 1850
89 1788
89 1789
89 1790
89 1791
89 1792
89 1831
89 1832
89 1833
89 1834
89 1835
89 1836
89 1837
89 1838
89 1839
89 1840
89 1841
89 1842
89 1843
89 1844
89 1845
89 1846
89 1847
89 1848
90 1787
90 1788
90 1789
90 1790
90 1791
90 1792
90 1828
90 1829
90 1830
90 1831
90 1832
90 1833
90 1834
90 1835
90 1836
90 1837
90 1838
90 1839
90 1840
90 1841
90 1842
90 1843
90 1844
90 1845
90 1846
91 1786
91 1787
91 1788
91 1789
91 1790
91 1791
91 1824
91 1825
91 1826
91 1827
91 1828
91 1829
91 1830
91 1831
91 1832
91 1833
91 1834
91 1835
91 1836
91 1837
91 1838
91 1839
91 1840
91 1841
91 1842
91 1843
92 1785
92 1786
92 1787
92 1788
92 1789
92 1790
92 1821
92 1822
92 1823
92 1824
92 1825
92 1826
92 1827
92 1828
92 1829
92 1830
92 1831
92 1832
92 1833
92 1834
92 1835
92 1836
92 1837
92 1838
92 1839
92 1840
93 1784
93 1785
93 1786
93 1787
93 1788
93 1789
93 1818
93 1819
93 1820
93 1821
93 1822
93 1823
93 1824
93 1825
93 1826
93 1827
93 1828
93 1829
93 1830
93 1831
93 1832
93 1833
93 1834
93 1835
93 1836
94 1783
94 1784
94 1785
94 1786
94 1787
94 1788
94 1816
94 1817
94 1818
94 1819
94 1820
94 1821
94 1822
94 1823
94 1824
94 1825
94 1826
94 1827
94 1828
94 1829
94 1830
94 1831
94 1832
95 1783
95 1784
95 1785
95 1786
95 1814
95 1815
95 1816
95 1817
95 1818
95 1819
95 1820
95 1821
95 1822
95 1823
95 1824
95 1825
95 1826
95 1827
95 1828
96 1782
96 1783
96 1784
96 1785
96 1812
96 1813
96 1814
96 1815
96 1816
96 1817
96 1818
96 1819
96 1820
96 1821
96 1822
96 1823
96 1824
97 1781
97 1782
97 1783
97 1784
97 1810
97 1811
97 1812
97 1813
97 1814
97 1815
97 1816
97 1817
97 1818
97 1819
97 1820
97 1821
98 1780
98 1781
98 1782
98 1783
98 1808
98 1809
98 1810
98 1811
98 1812
98 1813
98 1814
98 1815
98 1816
98 1817
98 1818
99 1779
99 1780
99 1781
99 1782
99 1783
99 1806
99 1807
99 1808
99 1809
99 1810
99 1811
99 1812
99 1813
99 1814
99 1815
100 1778
100 1779
100 1780
100 1781
100 1782
100 1805
100 1806
100 1807
100 1808
100 1809
100 1810
100 1811
100 1812
100 1813
101 1777
101 1778
101 1779
101 1780
101 1781
101 1803
101 1804
101 1805
101 1806
101 1807
101 1808
101 1809
101 1810
101 1811
102 1776
102 1777
102 1778
102 1779
102 1780
102 1802
102 1803
102 1804
102 1805
102 1806
102 1807
102 1808
102 1809
103 1775
103 1776
103 1777
103 1778
103 1779
103 1800
103 1801
103 1802
103 1803
103 1804
103 1805
103 1806
103 1807
104 1774
104 1775
104 1776
104 1777
104 1778
104 1799
104 1800
104 1801
104 1802
104 1803
104 1804
104 1805
105 1773
105 1774
105 1775
105 1776
105 1777
105 1798
105 1799
105 1800
105 1801
105 1802
105 1803
105 1804
106 1772
106 1773
106 1774
106 1775
106 1776
106 1796
106 1797
106 1798
106 1799
106 1800
106 1801
106 1802
107 1772
107 1773
107 1774
107 1775
107 1795
107 1796
107 1797
107 1798
107 1799
107 1800
107 1801
108 1771
108 1772
108 1773
108 1774
108 1794
108 1795
108 1796
108 1797
108 1798
108 1799
109 1770
109 1771
109 1772
109 1773
109 1793
109 1794
109 1795
109 1796
109 1797
109 1798
110 1769
110 1770
110 1771
110 1772
110 1792
110 1793
110 1794
110 1795
110 1796
111 1768
111 1769
111 1770
111 1771
111 1790
111 1791
111 1792
111 1793
111 1794
111 1795
112 1767
112 1768
112 1769
112 1770
112 1789
112 1790
112 1791
112 1792
112 1793
112 1794
113 1766
113 1767
113 1768
113 1769
113 1788
113 1789
113 1790
113 1791
113 1792
113 1793
114 1765
114 1766
114 1767
114 1768
114 1787
114 1788
114 1789
114 1790
114 1791
115 1764
115 1765
115 1766
115 1767
115 1786
115 1787
115 1788
115 1789
115 1790
116 1763
116 1764
116 1765
116 1766
116 1785
116 1786
116 1787
116 1788
116 1789
117 1762
117 1763
117 1764
117 1765
117 1766
117 1784
117 1785
117 1786
117 1787
117 1788
118 1761
118 1762
118 1763
118 1764
118 1765
118 1783
118 1784
118 1785
118 1786
118 1787
119 1761
119 1762
119 1763
119 1764
119 1782
119 1783
119 1784
119 1785
119 1786
120 1760
120 1761
120 1762
120 1763
120 1781
120 1782
120 1783
120 1784
120 1785
121 1759
121 1760
121 1761
121 1762
121 1780
121 1781
121 1782
121 1783
122 1758
122 1759
122 1760
122 1761
122 1779
122 1780
122 1781
122 1782
123 1757
123 1758
123 1759
123 1760
123 1778
123 1779
123 1780
123 1781
124 1756
124 1757
124 1758
124 1759
124 1777
124 1778
124 1779
124 1780
125 1755
125 1756
125 1757
125 1758
125 1776
125 1777
125 1778
125 1779
126 1754
126 1755
126 1756
126 1757
126 1775
126 1776
126 1777
126 1778
127 1753
127 1754
127 1755
127 1756
127 1774
127 1775
127 1776
127 1777
128 1752
128 1753
128 1754
128 1755
128 1773
128 1774
128 1775
128 1776
129 1751
129 1752
129 1753
129 1754
129 1772
129 1773
129 1774
129 1775
130 1750
130 1751
130 1752
130 1753
130 1771
130 1772
130 1773
130 1774
131 1750
131 1751
131 1752
131 1753
131 1770
131 1771
131 1772
131 1773
132 1749
132 1750
132 1751
132 1752
132 1769
132 1770
132 1771
132 1772
133 1748
133 1749
133 1750
133 1751
133 1768
133 1769
133 1770
133 1771
134 1747
134 1748
134 1749
134 1750
134 1767
134 1768
134 1769
134 1770
135 1746
135 1747
135 1748
135 1749
135 1766
135 1767
135 1768
135 1769
136 1745
136 1746
136 1747
136 1748
136 1765
136 1766
136 1767
136 1768
137 1744
137 1745
137 1746
137 1747
137 1764
137 1765
137 1766
137 1767
138 1743
138 1744
138 1745
138 1746
138 1763
138 1764
138 1765
138 1766
139 1742
139 1743
139 1744
139 1745
139 1762
139 1763
139 1764
139 1765
140 1741
140 1742
140 1743
140 1744
140 1761
140 1762
140 1763
140 1764
141 1740
141 1741
141 1742
141 1743
141 1760
141 1761
141 1762
141 1763
142 1739
142 1740
142 1741
142 1742
142 1759
142 1760
142 1761
142 1762
143 1738
143 1739
143 1740
143 1741
143 1758
143 1759
143 1760
143 1761
144 1737
144 1738
144 1739
144 1740
144 1757
144 1758
144 1759
144 1760
144 1761
145 1736
145 1737
145 1738
145 1739
145 1756
145 1757
145 1758
145 1759
145 1760
146 1735
146 1736
146 1737
146 1738
146 1755
146 1756
146 1757
146 1758
146 1759
147 1735
147 1736
147 1737
147 1738
147 1754
147 1755
147 1756
147 1757
147 1758
148 1734
148 1735
148 1736
148 1737
148 1754
148 1755
148 1756
148 1757
149 1733
149 1734
149 1735
149 1736
149 1753
149 1754
149 1755
149 1756
150 1732
150 1733
150 1734
150 1735
150 1752
150 1753
150 1754
150 1755
151 1731
151 1732
151 1733
151 1734
151 1751
151 1752
151 1753
151 1754
152 1730
152 1731
152 1732
152 1733
152 1750
152 1751
152 1752
152 1753
153 1729
153 1730
153 1731
153 1732
153 1749
153 1750
153 1751
153 1752
154 1728
154 1729
154 1730
154 1731
154 1748
154 1749
154 1750
154 1751
155 1727
155 1728
155 1729
155 1730
155 1747
155 1748
155 1749
155 1750
156 1726
156 1727
156 1728
156 1729
156 1746
156 1747
156 1748
156 1749
157 1725
157 1726
157 1727
157 1728
157 1745
157 1746
157 1747
157 1748
158 1724
158 1725
158 1726
158 1727
158 1744
158 1745
158 1746
158 1747
159 1724
159 1725
159 1726
159 1743
159 1744
159 1745
159 1746
160 1723
160 1724
160 1725
160 1726
160 1742
160 1743
160 1744
160 1745
161 1722
161 1723
161 1724
161 1725
161 1741
161 1742
161 1743
161 1744
162 1721
162 1722
162 1723
162 1724
162 1741
162 1742
162 1743
162 1744
163 1720
163 1721
163 1722
163 1723
163 1740
163 1741
163 1742
163 1743
164 1719
164 1720
164 1721
164 1722
164 1739
164 1740
164 1741
164 1742
165 1718
165 1719
165 1720
165 1721
165 1738
165 1739
165 1740
165 1741
166 1717
166 1718
166 1719
166 1720
166 1737
166 1738
166 1739
166 1740
167 1716
167 1717
167 1718
167 1719
167 1736
167 1737
167 1738
167 1739
168 1715
168 1716
168 1717
168 1718
168 1735
168 1736
168 1737
168 1738
169 1714
169 1715
169 1716
169 1717
169 1734
169 1735
169 1736
169 1737
170 1713
170 1714
170 1715
170 1716
170 1733
170 1734
170 1735
170 1736
171 1712
171 1713
171 1714
171 1715
171 1732
171 1733
171 1734
171 1735
172 1711
172 1712
172 1713
172 1714
172 1731
172 1732
172 1733
172 1734
173 1710
173 1711
173 1712
173 1713
173 1730
173 1731
173 1732
173 1733
174 1709
174 1710
174 1711
174 1712
174 1730
174 1731
174 1732
175 1708
175 1709
175 1710
175 1711
175 1729
175 1730
175 1731
176 1707
176 1708
176 1709
176 1710
176 1728
176 1729
176 1730
177 1706
177 1707
177 1708
177 1709
177 1727
177 1728
177 1729
177 1730
178 1705
178 1706
178 1707
178 1708
178 1726
178 1727
178 1728
178 1729
179 1704
179 1705
179 1706
179 1707
179 1725
179 1726
179 1727
179 1728
180 1703
180 1704
180 1705
180 1706
180 1724
180 1725
180 1726
180 1727
181 1701
181 1702
181 1703
181 1704
181 1705
181 1723
181 1724
181 1725
181 1726
182 1700
182 1701
182 1702
182 1703
182 1704
182 1722
182 1723
182 1724
182 1725
183 1699
183 1700
183 1701
183 1702
183 1703
183 1721
183 1722
183 1723
183 1724
184 1698
184 1699
184 1700
184 1701
184 1702
184 1720
184 1721
184 1722
184 1723
185 1697
185 1698
185 1699
185 1700
185 1719
185 1720
185 1721
185 1722
186 1696
186 1697
186 1698
186 1699
186 1718
186 1719
186 1720
186 1721
187 1694
187 1695
187 1696
187 1697
187 1698
187 1717
187 1718
187 1719
187 1720
188 1693
188 1694
188 1695
188 1696
188 1697
188 1715
188 1716
188 1717
188 1718
188 1719
189 1692
189 1693
189 1694
189 1695
189 1696
189 1714
189 1715
189 1716
189 1717
189 1718
190 1691
190 1692
190 1693
190 1694
190 1695
190 1713
190 1714
190 1715
190 1716
190 1717
191 1690
191 1691
191 1692
191 1693
191 1712
191 1713
191 1714
191 1715
191 1716
192 1689
192 1690
192 1691
192 1692
192 1711
192 1712
192 1713
192 1714
193 1687
193 1688
193 1689
193 1690
193 1691
193 1710
193 1711
193 1712
193 1713
194 1686
194 1687
194 1688
194 1689
194 1690
194 1709
194 1710
194 1711
194 1712
195 1685
195 1686
195 1687
195 1688
195 1689
195 1708
195 1709
195 1710
195 1711
196 1684
196 1685
196 1686
196 1687
196 1688
196 1707
196 1708
196 1709
196 1710
197 1682
197 1683
197 1684
197 1685
197 1686
197 1706
197 1707
197 1708
197 1709
198 1681
198 1682
198 1683
198 1684
198 1685
198 1705
198 1706
198 1707
198 1708
199 1680
199 1681
199 1682
199 1683
199 1684
199 1704
199 1705
199 1706
199 1707
200 1679
200 1680
200 1681
200 1682
200 1683
200 1703
200 1704
200 1705
200 1706
201 1678
201 1679
201 1680
201 1681
201 1682
201 1701
201 1702
201 1703
201 1704
201 1705
202 1676
202 1677
202 1678
202 1679
202 1680
202 1700
202 1701
202 1702
202 1703
202 1704
203 1675
203 1676
203 1677
203 1678
203 1679
203 1699
203 1700
203 1701
203 1702
203 1703
204 1674
204 1675
204 1676
204 1677
204 1678
204 1698
204 1699
204 1700
204 1701
204 1702
205 1672
205 1673
205 1674
205 1675
205 1676
205 1677
205 1697
205 1698
205 1699
205 1700
206 1671
206 1672
206 1673
206 1674
206 1675
206 1696
206 1697
206 1698
206 1699
207 1669
207 1670
207 1671
207 1672
207 1673
207 1674
207 1695
207 1696
207 1697
207 1698
208 1668
208 1669
208 1670
208 1671
208 1672
208 1673
208 1693
208 1694
208 1695
208 1696
208 1697
209 1666
209 1667
209 1668
209 1669
209 1670
209 1671
209 1692
209 1693
209 1694
209 1695
209 1696
210 1665
210 1666
210 1667
210 1668
210 1669
210 1670
210 1691
210 1692
210 1693
210 1694
210 1695
211 1663
211 1664
211 1665
211 1666
211 1667
211 1668
211 1690
211 1691
211 1692
211 1693
211 1694
212 1662
212 1663
212 1664
212 1665
212 1666
212 1667
212 1689
212 1690
212 1691
212 1692
213 1660
213 1661
213 1662
213 1663
213 1664
213 1665
213 1666
213 1688
213 1689
213 1690
213 1691
214 1658
214 1659
214 1660
214 1661
214 1662
214 1663
214 1664
214 1686
214 1687
214 1688
214 1689
214 1690
215 1657
215 1658
215 1659
215 1660
215 1661
215 1662
215 1663
215 1685
215 1686
215 1687
215 1688
215 1689
216 1655
216 1656
216 1657
216 1658
216 1659
216 1660
216 1661
216 1684
216 1685
216 1686
216 1687
216 1688
217 1653
217 1654
217 1655
217 1656
217 1657
217 1658
217 1659
217 1683
217 1684
217 1685
217 1686
217 1687
218 1651
218 1652
218 1653
218 1654
218 1655
218 1656
218 1657
218 1658
218 1682
218 1683
218 1684
218 1685
218 1686
219 1649
219 1650
219 1651
219 1652
219 1653
219 1654
219 1655
219 1656
219 1681
219 1682
219 1683
219 1684
220 1647
220 1648
220 1649
220 1650
220 1651
220 1652
220 1653
220 1654
220 1679
220 1680
220 1681
220 1682
220 1683
221 1645
221 1646
221 1647
221 1648
221 1649
221 1650
221 1651
221 1652
221 1678
221 1679
221 1680
221 1681
221 1682
222 1643
222 1644
222 1645
222 1646
222 1647
222 1648
222 1649
222 1650
222 1677
222 1678
222 1679
222 1680
222 1681
223 1641
223 1642
223 1643
223 1644
223 1645
223 1646
223 1647
223 1648
223 1676
223 1677
223 1678
223 1679
223 1680
224 1639
224 1640
224 1641
224 1642
224 1643
224 1644
224 1645
224 1646
224 1674
224 1675
224 1676
224 1677
224 1678
225 1637
225 1638
225 1639
225 1640
225 1641
225 1642
225 1643
225 1644
225 1673
225 1674
225 1675
225 1676
225 1677
226 1635
226 1636
226 1637
226 1638
226 1639
226 1640
226 1641
226 1642
226 1672
226 1673
226 1674
226 1675
226 1676
227 1633
227 1634
227 1635
227 1636
227 1637
227 1638
227 1639
227 1640
227 1670
227 1671
227 1672
227 1673
227 1674
227 1675
228 1631
228 1632
228 1633
228 1634
228 1635
228 1636
228 1637
228 1638
228 1639
228 1669
228 1670
228 1671
228 1672
228 1673
228 1674
229 1630
229 1631
229 1632
229 1633
229 1634
229 1635
229 1636
229 1637
229 1668
229 1669
229 1670
229 1671
229 1672
229 1673
230 1628
230 1629
230 1630
230 1631
230 1632
230 1633
230 1634
230 1635
230 1667
230 1668
230 1669
230 1670
230 1671
230 1672
231 1626
231 1627
231 1628
231 1629
231 1630
231 1631
231 1632
231 1633
231 1665
231 1666
231 1667
231 1668
231 1669
231 1670
232 1624
232 1625
232 1626
232 1627
232 1628
232 1629
232 1630
232 1631
232 1632
232 1664
232 1665
232 1666
232 1667
232 1668
232 1669
233 1622
233 1623
233 1624
233 1625
233 1626
233 1627
233 1628
233 1629
233 1630
233 1663
233 1664
233 1665
233 1666
233 1667
233 1668
234 1620
234 1621
234 1622
234 1623
234 1624
234 1625
234 1626
234 1627
234 1628
234 1629
234 1662
234 1663
234 1664
234 1665
234 1666
234 1667
235 1617
235 1618
235 1619
235 1620
235 1621
235 1622
235 1623
235 1624
235 1625
235 1626
235 1627
235 1660
235 1661
235 1662
235 1663
235 1664
235 1665
235 1666
236 1615
236 1616
236 1617
236 1618
236 1619
236 1620
236 1621
236 1622
236 1623
236 1624
236 1625
236 1626
236 1659
236 1660
236 1661
236 1662
236 1663
236 1664
236 1665
237 1612
237 1613
237 1614
237 1615
237 1616
237 1617
237 1618
237 1619
237 1620
237 1621
237 1622
237 1623
237 1624
237 1658
237 1659
237 1660
237 1661
237 1662
237 1663
237 1664
238 1608
238 1609
238 1610
238 1611
238 1612
238 1613
238 1614
238 1615
238 1616
238 1617
238 1618
238 1619
238 1620
238 1621
238 1622
238 1657
238 1658
238 1659
238 1660
238 1661
238 1662
239 1604
239 1605
239 1606
239 1607
239 1608
239 1609
239 1610
239 1611
239 1612
239 1613
239 1614
239 1615
239 1616
239 1617
239 1618
239 1619
239 1620
239 1655
239 1656
239 1657
239 1658
239 1659
239 1660
239 1661
240 1600
240 1601
240 1602
240 1603
240 1604
240 1605
240 1606
240 1607
240 1608
240 1609
240 1610
240 1611
240 1612
240 1613
240 1614
240 1615
240 1616
240 1617
240 1618
240 1654
240 1655
240 1656
240 1657
240 1658
240 1659
240 1660
241 1597
241 1598
241 1599
241 1600
241 1601
241 1602
241 1603
241 1604
241 1605
241 1606
241 1607
241 1608
241 1609
241 1610
241 1611
241 1612
241 1613
241 1614
241 1615
241 1616
241 1652
241 1653
241 1654
241 1655
241 1656
241 1657
241 1658
241 1659
242 1593
242 1594
242 1595
242 1596
242 1597
242 1598
242 1599
242 1600
242 1601
242 1602
242 1603
242 1604
242 1605
242 1606
242 1607
242 1608
242 1609
242 1610
242 1611
242 1612
242 1613
242 1614
242 1651
242 1652
242 1653
242 1654
242 1655
242 1656
242 1657
243 1591
243 1592
243 1593
243 1594
243 1595
243 1596
243 1597
243 1598
243 1599
243 1600
243 1601
243 1602
243 1603
243 1604
243 1605
243 1606
243 1607
243 1608
243 1609
243 1610
243 1611
243 1649
243 1650
243 1651
243 1652
243 1653
243 1654
243 1655
243 1656
244 1589
244 1590
244 1591
244 1592
244 1593
244 1594
244 1595
244 1596
244 1597
244 1598
244 1599
244 1600
244 1601
244 1602
244 1603
244 1604
244 1605
244 1606
244 1607
244 1608
244 1648
244 1649
244 1650
244 1651
244 1652
244 1653
244 1654
244 1655
245 1587
245 1588
245 1589
245 1590
245 1591
245 1592
245 1593
245 1594
245 1595
245 1596
245 1597
245 1598
245 1599
245 1600
245 1601
245 1602
245 1603
245 1604
245 1605
245 1606
245 1646
245 1647
245 1648
245 1649
245 1650
245 1651
245 1652
245 1653
246 1585
246 1586
246 1587
246 1588
246 1589
246 1590
246 1591
246 1592
246 1593
246 1594
246 1595
246 1596
246 1597
246 1598
246 1599
246 1600
246 1601
246 1602
246 1603
246 1645
246 1646
246 1647
246 1648
246 1649
246 1650
246 1651
246 1652
247 1584
247 1585
247 1586
247 1587
247 1588
247 1589
247 1590
247 1591
247 1592
247 1593
247 1594
247 1595
247 1596
247 1597
247 1598
247 1599
247 1600
247 1601
247 1643
247 1644
247 1645
247 1646
247 1647
247 1648
247 1649
247 1650
247 1651
248 1583
248 1584
248 1585
248 1586
248 1587
248 1588
248 1589
248 1590
248 1591
248 1592
248 1593
248 1594
248 1595
248 1596
248 1597
248 1598
248 1642
248 1643
248 1644
248 1645
248 1646
248 1647
248 1648
248 1649
249 1583
249 1584
249 1585
249 1586
249 1587
249 1588
249 1589
249 1590
249 1591
249 1592
249 1593
249 1594
249 1595
249 1596
249 1597
249 1640
249 1641
249 1642
249 1643
249 1644
249 1645
249 1646
249 1647
249 1648
250 1582
250 1583
250 1584
250 1585
250 1586
250 1587
250 1588
250 1589
250 1590
250 1591
250 1592
250 1593
250 1594
250 1595
250 1639
250 1640
250 1641
250 1642
250 1643
250 1644
250 1645
250 1646
251 1581
251 1582
251 1583
251 1584
251 1585
251 1586
251 1587
251 1588
251 1589
251 1590
251 1591
251 1592
251 1593
251 1594
251 1637
251 1638
251 1639
251 1640
251 1641
251 1642
251 1643
251 1644
252 1581
252 1582
252 1583
252 1584
252 1585
252 1586
252 1587
252 1588
252 1589
252 1590
252 1591
252 1592
252 1593
252 1635
252 1636
252 1637
252 1638
252 1639
252 1640
252 1641
252 1642
252 1643
253 1581
253 1582
253 1583
253 1584
253 1585
253 1586
253 1587
253 1588
253 1589
253 1590
253 1591
253 1592
253 1593
253 1634
253 1635
253 1636
253 1637
253 1638
253 1639
253 1640
253 1641
254 1581
254 1582
254 1583
254 1584
254 1585
254 1586
254 1587
254 1588
254 1589
254 1590
254 1591
254 1592
254 1632
254 1633
254 1634
254 1635
254 1636
254 1637
254 1638
254 1639
254 1640
255 1581
255 1582
255 1583
255 1584
255 1585
255 1586
255 1587
255 1588
255 1589
255 1590
255 1591
255 1592
255 1593
255 1631
255 1632
255 1633
255 1634
255 1635
255 1636
255 1637
255 1638
256 1581
256 1582
256 1583
256 1584
256 1585
256 1586
256 1587
256 1588
256 1589
256 1590
256 1591
256 1592
256 1593
256 1629
256 1630
256 1631
256 1632
256 1633
256 1634
256 1635
256 1636
257 1581
257 1582
257 1583
257 1584
257 1585
257 1586
257 1587
257 1588
257 1589
257 1590
257 1591
257 1592
257 1593
257 1594
257 1627
257 1628
257 1629
257 1630
257 1631
257 1632
257 1633
257 1634
257 1635
258 1582
258 1583
258 1584
258 1585
258 1586
258 1587
258 1588
258 1589
258 1590
258 1591
258 1592
258 1593
258 1594
258 1595
258 1596
258 1625
258 1626
258 1627
258 1628
258 1629
258 1630
258 1631
258 1632
258 1633
259 1582
259 1583
259 1584
259 1585
259 1586
259 1587
259 1588
259 1589
259 1590
259 1591
259 1592
259 1593
259 1594
259 1595
259 1596
259 1597
259 1598
259 1622
259 1623
259 1624
259 1625
259 1626
259 1627
259 1628
259 1629
259 1630
259 1631
259 1632
260 1583
260 1584
260 1585
260 1586
260 1587
260 1588
260 1589
260 1590
260 1591
260 1592
260 1593
260 1594
260 1595
260 1596
260 1597
260 1598
260 1599
260 1600
260 1601
260 1618
260 1619
260 1620
260 1621
260 1622
260 1623
260 1624
260 1625
260 1626
260 1627
260 1628
260 1629
260 1630
261 1584
261 1585
261 1586
261 1587
261 1588
261 1589
261 1590
261 1591
261 1592
261 1593
261 1594
261 1595
261 1596
261 1597
261 1598
261 1599
261 1600
261 1601
261 1602
261 1603
261 1604
261 1605
261 1606
261 1607
261 1608
261 1609
261 1610
261 1611
261 1612
261 1613
261 1614
261 1615
261 1616
261 1617
261 1618
261 1619
261 1620
261 1621
261 1622
261 1623
261 1624
261 1625
261 1626
261 1627
261 1628
262 1585
262 1586
262 1587
262 1588
262 1589
262 1590
262 1591
262 1592
262 1593
262 1594
262 1595
262 1596
262 1597
262 1598
262 1599
262 1600
262 1601
262 1602
262 1603
262 1604
262 1605
262 1606
262 1607
262 1608
262 1609
262 1610
262 1611
262 1612
262 1613
262 1614
262 1615
262 1616
262 1617
262 1618
262 1619
262 1620
262 1621
262 1622
262 1623
262 1624
262 1625
262 1626
263 1587
263 1588
263 1589
263 1590
263 1591
263 1592
263 1593
263 1594
263 1595
263 1596
263 1597
263 1598
263 1599
263 1600
263 1601
263 1602
263 1603
263 1604
263 1605
263 1606
263 1607
263 1608
263 1609
263 1610
263 1611
263 1612
263 1613
263 1614
263 1615
263 1616
263 1617
263 1618
263 1619
263 1620
263 1621
263 1622
263 1623
263 1624
264 1589
264 1590
264 1591
264 1592
264 1593
264 1594
264 1595
264 1596
264 1597
264 1598
264 1599
264 1600
264 1601
264 1602
264 1603
264 1604
264 1605
264 1606
264 1607
264 1608
264 1609
264 1610
264 1611
264 1612
264 1613
264 1614
264 1615
264 1616
264 1617
264 1618
264 1619
264 1620
264 1621
264 1622
265 1593
265 1594
265 1595
265 1596
265 1597
265 1598
265 1599
265 1600
265 1601
265 1602
265 1603
265 1604
265 1605
265 1606
265 1607
265 1608
265 1609
265 1610
265 1611
265 1612
265 1613
265 1614
265 1615
265 1616
265 1617
265 1618
266 1598
266 1599
266 1600
266 1601
266 1602
266 1603
266 1604
266 1605
266 1606
266 1607
266 1608
266 1609
266 1610
266 1611
266 1612
266 1613
684 1498
684 1499
684 1500
684 1501
684 1502
684 1503
684 1504
684 1505
684 1506
684 1507
684 1508
684 1509
685 1493
685 1494
685 1495
685 1496
685 1497
685 1498
685 1499
685 1500
685 1501
685 1502
685 1503
685 1504
685 1505
685 1506
685 1507
685 1508
685 1509
685 1510
685 1511
685 1512
686 1490
686 1491
686 1492
686 1493
686 1494
686 1495
686 1496
686 1497
686 1498
686 1499
686 1500
686 1501
686 1502
686 1503
686 1504
686 1505
686 1506
686 1507
686 1508
686 1509
686 1510
686 1511
686 1512
686 1513
686 1514
686 1515
687 1488
687 1489
687 1490
687 1491
687 1492
687 1493
687 1494
687 1495
687 1496
687 1497
687 1498
687 1499
687 1500
687 1501
687 1502
687 1503
687 1504
687 1505
687 1506
687 1507
687 1508
687 1509
687 1510
687 1511
687 1512
687 1513
687 1514
687 1515
687 1516
687 1517
688 1486
688 1487
688 1488
688 1489
688 1490
688 1491
688 1492
688 1493
688 1494
688 1495
688 1496
688 1497
688 1498
688 1499
688 1500
688 1501
688 1502
688 1503
688 1504
688 1505
688 1506
688 1507
688 1508
688 1509
688 1510
688 1511
688 1512
688 1513
688 1514
688 1515
688 1516
688 1517
688 1518
689 1485
689 1486
689 1487
689 1488
689 1489
689 1490
689 1491
689 1492
689 1493
689 1494
689 1495
689 1496
689 1497
689 1498
689 1499
689 1500
689 1501
689 1502
689 1503
689 1504
689 1505
689 1506
689 1507
689 1508
689 1509
689 1510
689 1511
689 1512
689 1513
689 1514
689 1515
689 1516
689 1517
689 1518
689 1519
690 1484
690 1485
690 1486
690 1487
690 1488
690 1489
690 1490
690 1491
690 1492
690 1493
690 1494
690 1495
690 1496
690 1497
690 1498
690 1499
690 1500
690 1501
690 1502
690 1503
690 1504
690 1505
690 1506
690 1507
690 1508
690 1509
690 1510
690 1511
690 1512
690 1513
690 1514
690 1515
690 1516
690 1517
690 1518
690 1519
690 1520
691 1483
691 1484
691 1485
691 1486
691 1487
691 1488
691 1489
691 1490
691 1491
691 1492
691 1493
691 1494
691 1495
691 1496
691 1497
691 1498
691 1499
691 1500
691 1501
691 1502
691 1503
691 1504
691 1505
691 1506
691 1507
691 1508
691 1509
691 1510
691 1511
691 1512
691 1513
691 1514
691 1515
691 1516
691 1517
691 1518
691 1519
691 1520
691 1521
692 1482
692 1483
692 1484
692 1485
692 1486
692 1487
692 1488
692 1489
692 1490
692 1491
692 1492
692 1493
692 1494
692 1495
692 1496
692 1497
692 1498
692 1499
692 1500
692 1501
692 1502
692 1503
692 1504
692 1505
692 1506
692 1507
692 1508
692 1509
692 1510
692 1511
692 1512
692 1513
692 1514
692 1515
692 1516
692 1517
692 1518
692 1519
692 1520
692 1521
692 1522
693 1481
693 1482
693 1483
693 1484
693 1485
693 1486
693 1487
693 1488
693 1489
693 1490
693 1491
693 1492
693 1493
693 1494
693 1495
693 1496
693 1497
693 1498
693 1499
693 1500
693 1501
693 1502
693 1503
693 1504
693 1505
693 1506
693 1507
693 1508
693 1509
693 1510
693 1511
693 1512
693 1513
693 1514
693 1515
693 1516
693 1517
693 1518
693 1519
693 1520
693 1521
693 1522
693 1523
694 1480
694 1481
694 1482
694 1483
694 1484
694 1485
694 1486
694 1487
694 1488
694 1489
694 1490
694 1491
694 1492
694 1493
694 1494
694 1495
694 1496
694 1497
694 1498
694 1499
694 1511
694 1512
694 1513
694 1514
694 1515
694 1516
694 1517
694 1518
694 1519
694 1520
694 1521
694 1522
694 1523
695 1480
695 1481
695 1482
695 1483
695 1484
695 1485
695 1486
695 1487
695 1488
695 1489
695 1490
695 1491
695 1492
695 1493
695 1494
695 1495
695 1496
695 1513
695 1514
695 1515
695 1516
695 1517
695 1518
695 1519
695 1520
695 1521
695 1522
695 1523
695 1524
696 1479
696 1480
696 1481
696 1482
696 1483
696 1484
696 1485
696 1486
696 1487
696 1488
696 1489
696 1490
696 1491
696 1492
696 1493
696 1494
696 1514
696 1515
696 1516
696 1517
696 1518
696 1519
696 1520
696 1521
696 1522
696 1523
696 1524
697 1478
697 1479
697 1480
697 1481
697 1482
697 1483
697 1484
697 1485
697 1486
697 1487
697 1488
697 1489
697 1490
697 1491
697 1492
697 1516
697 1517
697 1518
697 1519
697 1520
697 1521
697 1522
697 1523
697 1524
697 1525
698 1478
698 1479
698 1480
698 1481
698 1482
698 1483
698 1484
698 1485
698 1486
698 1487
698 1488
698 1489
698 1490
698 1491
698 1516
698 1517
698 1518
698 1519
698 1520
698 1521
698 1522
698 1523
698 1524
698 1525
699 1477
699 1478
699 1479
699 1480
699 1481
699 1482
699 1483
699 1484
699 1485
699 1486
699 1487
699 1488
699 1489
699 1490
699 1517
699 1518
699 1519
699 1520
699 1521
699 1522
699 1523
699 1524
699 1525
700 1477
700 1478
700 1479
700 1480
700 1481
700 1482
700 1483
700 1484
700 1485
700 1486
700 1487
700 1488
700 1489
700 1518
700 1519
700 1520
700 1521
700 1522
700 1523
700 1524
700 1525
700 1526
701 1477
701 1478
701 1479
701 1480
701 1481
701 1482
701 1483
701 1484
701 1485
701 1486
701 1487
701 1488
701 1518
701 1519
701 1520
701 1521
701 1522
701 1523
701 1524
701 1525
701 1526
702 1476
702 1477
702 1478
702 1479
702 1480
702 1481
702 1482
702 1483
702 1484
702 1485
702 1486
702 1519
702 1520
702 1521
702 1522
702 1523
702 1524
702 1525
702 1526
703 1476
703 1477
703 1478
703 1479
703 1480
703 1481
703 1482
703 1483
703 1484
703 1485
703 1486
703 1519
703 1520
703 1521
703 1522
703 1523
703 1524
703 1525
703 1526
704 1475
704 1476
704 1477
704 1478
704 1479
704 1480
704 1481
704 1482
704 1483
704 1484
704 1485
704 1519
704 1520
704 1521
704 1522
704 1523
704 1524
704 1525
704 1526
705 1475
705 1476
705 1477
705 1478
705 1479
705 1480
705 1481
705 1482
705 1483
705 1484
705 1519
705 1520
705 1521
705 1522
705 1523
705 1524
705 1525
705 1526
706 1474
706 1475
706 1476
706 1477
706 1478
706 1479
706 1480
706 1481
706 1482
706 1483
706 1519
706 1520
706 1521
706 1522
706 1523
706 1524
706 1525
706 1526
707 1474
707 1475
707 1476
707 1477
707 1478
707 1479
707 1480
707 1481
707 1482
707 1519
707 1520
707 1521
707 1522
707 1523
707 1524
707 1525
707 1526
708 1474
708 1475
708 1476
708 1477
708 1478
708 1479
708 1480
708 1481
708 1519
708 1520
708 1521
708 1522
708 1523
708 1524
708 1525
708 1526
709 1473
709 1474
709 1475
709 1476
709 1477
709 1478
709 1479
709 1480
709 1481
709 1519
709 1520
709 1521
709 1522
709 1523
709 1524
709 1525
709 1526
710 1473
710 1474
710 1475
710 1476
710 1477
710 1478
710 1479
710 1480
710 1519
710 1520
710 1521
710 1522
710 1523
710 1524
710 1525
710 1526
711 1472
711 1473
711 1474
711 1475
711 1476
711 1477
711 1478
711 1479
711 1519
711 1520
711 1521
711 1522
711 1523
711 1524
711 1525
712 1472
712 1473
712 1474
712 1475
712 1476
712 1477
712 1478
712 1479
712 1519
712 1520
712 1521
712 1522
712 1523
712 1524
712 1525
713 1471
713 1472
713 1473
713 1474
713 1475
713 1476
713 1477
713 1478
713 1518
713 1519
713 1520
713 1521
713 1522
713 1523
713 1524
713 1525
714 1471
714 1472
714 1473
714 1474
714 1475
714 1476
714 1477
714 1518
714 1519
714 1520
714 1521
714 1522
714 1523
714 1524
714 1525
715 1471
715 1472
715 1473
715 1474
715 1475
715 1476
715 1477
715 1518
715 1519
715 1520
715 1521
715 1522
715 1523
715 1524
716 1470
716 1471
716 1472
716 1473
716 1474
716 1475
716 1476
716 1517
716 1518
716 1519
716 1520
716 1521
716 1522
716 1523
716 1524
717 1470
717 1471
717 1472
717 1473
717 1474
717 1475
717 1517
717 1518
717 1519
717 1520
717 1521
717 1522
717 1523
718 1469
718 1470
718 1471
718 1472
718 1473
718 1474
718 1475
718 1516
718 1517
718 1518
718 1519
718 1520
718 1521
718 1522
718 1523
719 1468
719 1469
719 1470
719 1471
719 1472
719 1473
719 1474
719 1516
719 1517
719 1518
719 1519
719 1520
719 1521
719 1522
720 1468
720 1469
720 1470
720 1471
720 1472
720 1473
720 1515
720 1516
720 1517
720 1518
720 1519
720 1520
720 1521
721 1467
721 1468
721 1469
721 1470
721 1471
721 1472
721 1514
721 1515
721 1516
721 1517
721 1518
721 1519
721 1520
721 1521
722 1467
722 1468
722 1469
722 1470
722 1471
722 1472
722 1513
722 1514
722 1515
722 1516
722 1517
722 1518
722 1519
722 1520
723 1466
723 1467
723 1468
723 1469
723 1470
723 1471
723 1512
723 1513
723 1514
723 1515
723 1516
723 1517
723 1518
723 1519
724 1465
724 1466
724 1467
724 1468
724 1469
724 1470
724 1511
724 1512
724 1513
724 1514
724 1515
724 1516
724 1517
724 1518
725 1465
725 1466
725 1467
725 1468
725 1469
725 1470
725 1510
725 1511
725 1512
725 1513
725 1514
725 1515
725 1516
725 1517
726 1464
726 1465
726 1466
726 1467
726 1468
726 1469
726 1509
726 1510
726 1511
726 1512
726 1513
726 1514
726 1515
726 1516
726 1517
727 1463
727 1464
727 1465
727 1466
727 1467
727 1468
727 1508
727 1509
727 1510
727 1511
727 1512
727 1513
727 1514
727 1515
727 1516
728 1463
728 1464
728 1465
728 1466
728 1467
728 1507
728 1508
728 1509
728 1510
728 1511
728 1512
728 1513
728 1514
729 1462
729 1463
729 1464
729 1465
729 1466
729 1505
729 1506
729 1507
729 1508
729 1509
729 1510
729 1511
729 1512
729 1513
730 1461
730 1462
730 1463
730 1464
730 1465
730 1466
730 1503
730 1504
730 1505
730 1506
730 1507
730 1508
730 1509
730 1510
730 1511
730 1512
731 1461
731 1462
731 1463
731 1464
731 1465
731 1502
731 1503
731 1504
731 1505
731 1506
731 1507
731 1508
731 1509
731 1510
731 1511
732 1460
732 1461
732 1462
732 1463
732 1464
732 1500
732 1501
732 1502
732 1503
732 1504
732 1505
732 1506
732 1507
732 1508
732 1509
733 1459
733 1460
733 1461
733 1462
733 1463
733 1498
733 1499
733 1500
733 1501
733 1502
733 1503
733 1504
733 1505
733 1506
733 1507
733 1508
734 1458
734 1459
734 1460
734 1461
734 1462
734 1496
734 1497
734 1498
734 1499
734 1500
734 1501
734 1502
734 1503
734 1504
734 1505
734 1506
735 1457
735 1458
735 1459
735 1460
735 1461
735 1494
735 1495
735 1496
735 1497
735 1498
735 1499
735 1500
735 1501
735 1502
735 1503
735 1504
735 1505
736 1456
736 1457
736 1458
736 1459
736 1460
736 1461
736 1492
736 1493
736 1494
736 1495
736 1496
736 1497
736 1498
736 1499
736 1500
736 1501
736 1502
736 1503
737 1456
737 1457
737 1458
737 1459
737 1460
737 1490
737 1491
737 1492
737 1493
737 1494
737 1495
737 1496
737 1497
737 1498
737 1499
737 1500
737 1501
738 1455
738 1456
738 1457
738 1458
738 1459
738 1488
738 1489
738 1490
738 1491
738 1492
738 1493
738 1494
738 1495
738 1496
738 1497
738 1498
738 1499
739 1454
739 1455
739 1456
739 1457
739 1458
739 1485
739 1486
739 1487
739 1488
739 1489
739 1490
739 1491
739 1492
739 1493
739 1494
739 1495
739 1496
739 1497
740 1453
740 1454
740 1455
740 1456
740 1457
740 1483
740 1484
740 1485
740 1486
740 1487
740 1488
740 1489
740 1490
740 1491
740 1492
740 1493
740 1494
741 1452
741 1453
741 1454
741 1455
741 1456
741 1481
741 1482
741 1483
741 1484
741 1485
741 1486
741 1487
741 1488
741 1489
741 1490
741 1491
741 1492
742 1451
742 1452
742 1453
742 1454
742 1455
742 1480
742 1481
742 1482
742 1483
742 1484
742 1485
742 1486
742 1487
742 1488
742 1489
742 1490
743 1450
743 1451
743 1452
743 1453
743 1454
743 1478
743 1479
743 1480
743 1481
743 1482
743 1483
743 1484
743 1485
743 1486
743 1487
744 1449
744 1450
744 1451
744 1452
744 1453
744 1476
744 1477
744 1478
744 1479
744 1480
744 1481
744 1482
744 1483
744 1484
744 1485
745 1448
745 1449
745 1450
745 1451
745 1452
745 1475
745 1476
745 1477
745 1478
745 1479
745 1480
745 1481
745 1482
745 1483
746 1447
746 1448
746 1449
746 1450
746 1451
746 1473
746 1474
746 1475
746 1476
746 1477
746 1478
746 1479
746 1480
746 1481
747 1446
747 1447
747 1448
747 1449
747 1450
747 1472
747 1473
747 1474
747 1475
747 1476
747 1477
747 1478
747 1479
748 1445
748 1446
748 1447
748 1448
748 1449
748 1471
748 1472
748 1473
748 1474
748 1475
748 1476
748 1477
749 1444
749 1445
749 1446
749 1447
749 1448
749 1470
749 1471
749 1472
749 1473
749 1474
749 1475
750 1443
750 1444
750 1445
750 1446
750 1447
750 1468
750 1469
750 1470
750 1471
750 1472
750 1473
750 1474
751 1442
751 1443
751 1444
751 1445
751 1446
751 1467
751 1468
751 1469
751 1470
751 1471
751 1472
751 1473
752 1441
752 1442
752 1443
752 1444
752 1445
752 1466
752 1467
752 1468
752 1469
752 1470
752 1471
753 1440
753 1441
753 1442
753 1443
753 1444
753 1465
753 1466
753 1467
753 1468
753 1469
753 1470
754 1439
754 1440
754 1441
754 1442
754 1443
754 1464
754 1465
754 1466
754 1467
754 1468
754 1469
755 1438
755 1439
755 1440
755 1441
755 1442
755 1463
755 1464
755 1465
755 1466
755 1467
755 1468
756 1437
756 1438
756 1439
756 1440
756 1441
756 1462
756 1463
756 1464
756 1465
756 1466
756 1467
757 1435
757 1436
757 1437
757 1438
757 1439
757 1440
757 1461
757 1462
757 1463
757 1464
757 1465
757 1466
758 1434
758 1435
758 1436
758 1437
758 1438
758 1439
758 1460
758 1461
758 1462
758 1463
758 1464
759 1433
759 1434
759 1435
759 1436
759 1437
759 1438
759 1459
759 1460
759 1461
759 1462
759 1463
759 1464
760 1432
760 1433
760 1434
760 1435
760 1436
760 1437
760 1458
760 1459
760 1460
760 1461
760 1462
761 1431
761 1432
761 1433
761 1434
761 1435
761 1436
761 1457
761 1458
761 1459
761 1460
761 1461
762 1429
762 1430
762 1431
762 1432
762 1433
762 1434
762 1435
762 1456
762 1457
762 1458
762 1459
762 1460
762 1461
763 1428
763 1429
763 1430
763 1431
763 1432
763 1433
763 1434
763 1455
763 1456
763 1457
763 1458
763 1459
763 1460
764 1427
764 1428
764 1429
764 1430
764 1431
764 1432
764 1433
764 1455
764 1456
764 1457
764 1458
764 1459
765 1426
765 1427
765 1428
765 1429
765 1430
765 1431
765 1454
765 1455
765 1456
765 1457
765 1458
766 1424
766 1425
766 1426
766 1427
766 1428
766 1429
766 1430
766 1453
766 1454
766 1455
766 1456
766 1457
767 1423
767 1424
767 1425
767 1426
767 1427
767 1428
767 1429
767 1452
767 1453
767 1454
767 1455
767 1456
768 1422
768 1423
768 1424
768 1425
768 1426
768 1427
768 1428
768 1451
768 1452
768 1453
768 1454
768 1455
769 1420
769 1421
769 1422
769 1423
769 1424
769 1425
769 1426
769 1427
769 1450
769 1451
769 1452
769 1453
769 1454
770 1419
770 1420
770 1421
770 1422
770 1423
770 1424
770 1425
770 1426
770 1449
770 1450
770 1451
770 1452
770 1453
771 1418
771 1419
771 1420
771 1421
771 1422
771 1423
771 1424
771 1425
771 1449
771 1450
771 1451
771 1452
771 1453
772 1416
772 1417
772 1418
772 1419
772 1420
772 1421
772 1422
772 1423
772 1424
772 1448
772 1449
772 1450
772 1451
772 1452
773 1415
773 1416
773 1417
773 1418
773 1419
773 1420
773 1421
773 1422
773 1447
773 1448
773 1449
773 1450
773 1451
774 1413
774 1414
774 1415
774 1416
774 1417
774 1418
774 1419
774 1420
774 1421
774 1447
774 1448
774 1449
774 1450
774 1451
775 1412
775 1413
775 1414
775 1415
775 1416
775 1417
775 1418
775 1419
775 1420
775 1446
775 1447
775 1448
775 1449
775 1450
776 1411
776 1412
776 1413
776 1414
776 1415
776 1416
776 1417
776 1418
776 1419
776 1445
776 1446
776 1447
776 1448
776 1449
777 1409
777 1410
777 1411
777 1412
777 1413
777 1414
777 1415
777 1416
777 1417
777 1418
777 1444
777 1445
777 1446
777 1447
777 1448
777 1449
778 1408
778 1409
778 1410
778 1411
778 1412
778 1413
778 1414
778 1415
778 1416
778 1417
778 1444
778 1445
778 1446
778 1447
778 1448
779 1407
779 1408
779 1409
779 1410
779 1411
779 1412
779 1413
779 1414
779 1415
779 1416
779 1443
779 1444
779 1445
779 1446
779 1447
780 1405
780 1406
780 1407
780 1408
780 1409
780 1410
780 1411
780 1412
780 1413
780 1414
780 1415
780 1443
780 1444
780 1445
780 1446
780 1447
781 1404
781 1405
781 1406
781 1407
781 1408
781 1409
781 1410
781 1411
781 1412
781 1413
781 1414
781 1442
781 1443
781 1444
781 1445
781 1446
782 1403
782 1404
782 1405
782 1406
782 1407
782 1408
782 1409
782 1410
782 1411
782 1412
782 1413
782 1442
782 1443
782 1444
782 1445
782 1446
783 1402
783 1403
783 1404
783 1405
783 1406
783 1407
783 1408
783 1409
783 1410
783 1411
783 1412
783 1441
783 1442
783 1443
783 1444
783 1445
784 1401
784 1402
784 1403
784 1404
784 1405
784 1406
784 1407
784 1408
784 1409
784 1410
784 1411
784 1440
784 1441
784 1442
784 1443
784 1444
784 1445
785 1400
785 1401
785 1402
785 1403
785 1404
785 1405
785 1406
785 1407
785 1408
785 1409
785 1410
785 1440
785 1441
785 1442
785 1443
785 1444
786 1398
786 1399
786 1400
786 1401
786 1402
786 1403
786 1404
786 1405
786 1406
786 1407
786 1408
786 1409
786 1439
786 1440
786 1441
786 1442
786 1443
786 1444
787 1397
787 1398
787 1399
787 1400
787 1401
787 1402
787 1403
787 1404
787 1405
787 1406
787 1407
787 1439
787 1440
787 1441
787 1442
787 1443
788 1396
788 1397
788 1398
788 1399
788 1400
788 1401
788 1402
788 1403
788 1404
788 1405
788 1406
788 1438
788 1439
788 1440
788 1441
788 1442
788 1443
789 1395
789 1396
789 1397
789 1398
789 1399
789 1400
789 1401
789 1402
789 1403
789 1404
789 1405
789 1438
789 1439
789 1440
789 1441
789 1442
790 1394
790 1395
790 1396
790 1397
790 1398
790 1399
790 1400
790 1401
790 1402
790 1403
790 1404
790 1437
790 1438
790 1439
790 1440
790 1441
790 1442
791 1393
791 1394
791 1395
791 1396
791 1397
791 1398
791 1399
791 1400
791 1401
791 1402
791 1403
791 1437
791 1438
791 1439
791 1440
791 1441
792 1392
792 1393
792 1394
792 1395
792 1396
792 1397
792 1398
792 1399
792 1400
792 1401
792 1402
792 1436
792 1437
792 1438
792 1439
792 1440
792 1441
793 1392
793 1393
793 1394
793 1395
793 1396
793 1397
793 1398
793 1399
793 1400
793 1401
793 1436
793 1437
793 1438
793 1439
793 1440
794 1391
794 1392
794 1393
794 1394
794 1395
794 1396
794 1397
794 1398
794 1399
794 1400
794 1435
794 1436
794 1437
794 1438
794 1439
794 1440
795 1390
795 1391
795 1392
795 1393
795 1394
795 1395
795 1396
795 1397
795 1398
795 1399
795 1434
795 1435
795 1436
795 1437
795 1438
795 1439
796 1390
796 1391
796 1392
796 1393
796 1394
796 1395
796 1396
796 1397
796 1398
796 1399
796 1434
796 1435
796 1436
796 1437
796 1438
796 1439
797 1389
797 1390
797 1391
797 1392
797 1393
797 1394
797 1395
797 1396
797 1397
797 1398
797 1433
797 1434
797 1435
797 1436
797 1437
797 1438
798 1388
798 1389
798 1390
798 1391
798 1392
798 1393
798 1394
798 1395
798 1396
798 1397
798 1433
798 1434
798 1435
798 1436
798 1437
798 1438
799 1388
799 1389
799 1390
799 1391
799 1392
799 1393
799 1394
799 1395
799 1396
799 1432
799 1433
799 1434
799 1435
799 1436
799 1437
800 1387
800 1388
800 1389
800 1390
800 1391
800 1392
800 1393
800 1394
800 1395
800 1396
800 1431
800 1432
800 1433
800 1434
800 1435
800 1436
800 1437
801 1387
801 1388
801 1389
801 1390
801 1391
801 1392
801 1393
801 1394
801 1395
801 1431
801 1432
801 1433
801 1434
801 1435
801 1436
802 1386
802 1387
802 1388
802 1389
802 1390
802 1391
802 1392
802 1393
802 1394
802 1395
802 1430
802 1431
802 1432
802 1433
802 1434
802 1435
802 1436
803 1386
803 1387
803 1388
803 1389
803 1390
803 1391
803 1392
803 1393
803 1394
803 1395
803 1429
803 1430
803 1431
803 1432
803 1433
803 1434
803 1435
804 1386
804 1387
804 1388
804 1389
804 1390
804 1391
804 1392
804 1393
804 1394
804 1395
804 1428
804 1429
804 1430
804 1431
804 1432
804 1433
804 1434
804 1435
805 1386
805 1387
805 1388
805 1389
805 1390
805 1391
805 1392
805 1393
805 1394
805 1395
805 1427
805 1428
805 1429
805 1430
805 1431
805 1432
805 1433
805 1434
806 1386
806 1387
806 1388
806 1389
806 1390
806 1391
806 1392
806 1393
806 1394
806 1395
806 1427
806 1428
806 1429
806 1430
806 1431
806 1432
806 1433
807 1386
807 1387
807 1388
807 1389
807 1390
807 1391
807 1392
807 1393
807 1394
807 1395
807 1425
807 1426
807 1427
807 1428
807 1429
807 1430
807 1431
807 1432
807 1433
808 1386
808 1387
808 1388
808 1389
808 1390
808 1391
808 1392
808 1393
808 1394
808 1395
808 1396
808 1424
808 1425
808 1426
808 1427
808 1428
808 1429
808 1430
808 1431
808 1432
809 1386
809 1387
809 1388
809 1389
809 1390
809 1391
809 1392
809 1393
809 1394
809 1395
809 1396
809 1397
809 1423
809 1424
809 1425
809 1426
809 1427
809 1428
809 1429
809 1430
809 1431
810 1387
810 1388
810 1389
810 1390
810 1391
810 1392
810 1393
810 1394
810 1395
810 1396
810 1397
810 1398
810 1399
810 1421
810 1422
810 1423
810 1424
810 1425
810 1426
810 1427
810 1428
810 1429
810 1430
811 1387
811 1388
811 1389
811 1390
811 1391
811 1392
811 1393
811 1394
811 1395
811 1396
811 1397
811 1398
811 1399
811 1400
811 1401
811 1419
811 1420
811 1421
811 1422
811 1423
811 1424
811 1425
811 1426
811 1427
811 1428
811 1429
812 1388
812 1389
812 1390
812 1391
812 1392
812 1393
812 1394
812 1395
812 1396
812 1397
812 1398
812 1399
812 1400
812 1401
812 1402
812 1403
812 1404
812 1405
812 1415
812 1416
812 1417
812 1418
812 1419
812 1420
812 1421
812 1422
812 1423
812 1424
812 1425
812 1426
812 1427
812 1428
813 1389
813 1390
813 1391
813 1392
813 1393
813 1394
813 1395
813 1396
813 1397
813 1398
813 1399
813 1400
813 1401
813 1402
813 1403
813 1404
813 1405
813 1406
813 1407
813 1408
813 1409
813 1410
813 1411
813 1412
813 1413
813 1414
813 1415
813 1416
813 1417
813 1418
813 1419
813 1420
813 1421
813 1422
813 1423
813 1424
813 1425
813 1426
813 1427
814 1390
814 1391
814 1392
814 1393
814 1394
814 1395
814 1396
814 1397
814 1398
814 1399
814 1400
814 1401
814 1402
814 1403
814 1404
814 1405
814 1406
814 1407
814 1408
814 1409
814 1410
814 1411
814 1412
814 1413
814 1414
814 1415
814 1416
814 1417
814 1418
814 1419
814 1420
814 1421
814 1422
814 1423
814 1424
814 1425
814 1426
815 1391
815 1392
815 1393
815 1394
815 1395
815 1396
815 1397
815 1398
815 1399
815 1400
815 1401
815 1402
815 1403
815 1404
815 1405
815 1406
815 1407
815 1408
815 1409
815 1410
815 1411
815 1412
815 1413
815 1414
815 1415
815 1416
815 1417
815 1418
815 1419
815 1420
815 1421
815 1422
815 1423
815 1424
816 1393
816 1394
816 1395
816 1396
816 1397
816 1398
816 1399
816 1400
816 1401
816 1402
816 1403
816 1404
816 1405
816 1406
816 1407
816 1408
816 1409
816 1410
816 1411
816 1412
816 1413
816 1414
816 1415
816 1416
816 1417
816 1418
816 1419
816 1420
816 1421
816 1422
817 1396
817 1397
817 1398
817 1399
817 1400
817 1401
817 1402
817 1403
817 1404
817 1405
817 1406
817 1407
817 1408
817 1409
817 1410
817 1411
817 1412
817 1413
817 1414
817 1415
817 1416
817 1417
817 1418
817 1419
817 1420
818 1400
818 1401
818 1402
818 1403
818 1404
818 1405
818 1406
818 1407
818 1408
818 1409
818 1410
818 1411
818 1412
818 1413
818 1414
818 1415
818 1416
818 1417
1902 1952
1902 1953
1902 1954
1903 1953
1903 1954
1903 1955
1903 1956
1903 1957
1903 1958
1903 1959
1903 1960
1904 1954
1904 1955
1904 1956
1904 1957
1904 1958
1904 1959
1904 1960
1904 1961
1904 1962
1904 1963
1904 1964
1905 1955
1905 1956
1905 1957
1905 1958
1905 1959
1905 1960
1905 1961
1905 1962
1905 1963
1905 1964
1905 1965
1905 1966
1905 1967
1906 1956
1906 1957
1906 1958
1906 1959
1906 1960
1906 1961
1906 1962
1906 1963
1906 1964
1906 1965
1906 1966
1906 1967
1906 1968
1906 1969
1907 1957
1907 1958
1907 1959
1907 1960
1907 1961
1907 1962
1907 1963
1907 1964
1907 1965
1907 1966
1907 1967
1907 1968
1907 1969
1907 1970
1907 1971
1908 1958
1908 1959
1908 1960
1908 1961
1908 1962
1908 1963
1908 1964
1908 1965
1908 1966
1908 1967
1908 1968
1908 1969
1908 1970
1908 1971
1908 1972
1908 1973
1909 1959
1909 1960
1909 1961
1909 1962
1909 1963
1909 1964
1909 1965
1909 1966
1909 1967
1909 1968
1909 1969
1909 1970
1909 1971
1909 1972
1909 1973
1909 1974
1910 1960
1910 1961
1910 1962
1910 1963
1910 1964
1910 1965
1910 1966
1910 1967
1910 1968
1910 1969
1910 1970
1910 1971
1910 1972
1910 1973
1910 1974
1910 1975
1911 1961
1911 1962
1911 1963
1911 1964
1911 1965
1911 1966
1911 1967
1911 1968
1911 1969
1911 1970
1911 1971
1911 1972
1911 1973
1911 1974
1911 1975
1911 1976
1912 1962
1912 1963
1912 1964
1912 1965
1912 1966
1912 1967
1912 1968
1912 1969
1912 1970
1912 1971
1912 1972
1912 1973
1912 1974
1912 1975
1912 1976
1912 1977
1913 1963
1913 1964
1913 1965
1913 1966
1913 1967
1913 1968
1913 1969
1913 1970
1913 1971
1913 1972
1913 1973
1913 1974
1913 1975
1913 1976
1913 1977
1913 1978
1914 1964
1914 1965
1914 1966
1914 1967
1914 1968
1914 1969
1914 1970
1914 1971
1914 1972
1914 1973
1914 1974
1914 1975
1914 1976
1914 1977
1914 1978
1914 1979
1915 1965
1915 1966
1915 1967
1915 1968
1915 1969
1915 1970
1915 1971
1915 1972
1915 1973
1915 1974
1915 1975
1915 1976
1915 1977
1915 1978
1915 1979
1916 1966
1916 1967
1916 1968
1916 1969
1916 1970
1916 1971
1916 1972
1916 1973
1916 1974
1916 1975
1916 1976
1916 1977
1916 1978
1916 1979
1916 1980
1917 1967
1917 1968
1917 1969
1917 1970
1917 1971
1917 1972
1917 1973
1917 1974
1917 1975
1917 1976
1917 1977
1917 1978
1917 1979
1917 1980
1917 1981
1918 1968
1918 1969
1918 1970
1918 1971
1918 1972
1918 1973
1918 1974
1918 1975
1918 1976
1918 1977
1918 1978
1918 1979
1918 1980
1918 1981
1918 1982
1919 1969
1919 1970
1919 1971
1919 1972
1919 1973
1919 1974
1919 1975
1919 1976
1919 1977
1919 1978
1919 1979
1919 1980
1919 1981
1919 1982
1920 1970
1920 1971
1920 1972
1920 1973
1920 1974
1920 1975
1920 1976
1920 1977
1920 1978
1920 1979
1920 1980
1920 1981
1920 1982
1920 1983
1921 1971
1921 1972
1921 1973
1921 1974
1921 1975
1921 1976
1921 1977
1921 1978
1921 1979
1921 1980
1921 1981
1921 1982
1921 1983
1921 1984
1922 1972
1922 1973
1922 1974
1922 1975
1922 1976
1922 1977
1922 1978
1922 1979
1922 1980
1922 1981
1922 1982
1922 1983
1922 1984
1923 1973
1923 1974
1923 1975
1923 1976
1923 1977
1923 1978
1923 1979
1923 1980
1923 1981
1923 1982
1923 1983
1923 1984
1923 1985
1924 1974
1924 1975
1924 1976
1924 1977
1924 1978
1924 1979
1924 1980
1924 1981
1924 1982
1924 1983
1924 1984
1924 1985
1924 1986
1925 1975
1925 1976
1925 1977
1925 1978
1925 1979
1925 1980
1925 1981
1925 1982
1925 1983
1925 1984
1925 1985
1925 1986
1926 1976
1926 1977
1926 1978
1926 1979
1926 1980
1926 1981
1926 1982
1926 1983
1926 1984
1926 1985
1926 1986
1926 1987
1927 1977
1927 1978
1927 1979
1927 1980
1927 1981
1927 1982
1927 1983
1927 1984
1927 1985
1927 1986
1927 1987
1927 1988
1928 1978
1928 1979
1928 1980
1928 1981
1928 1982
1928 1983
1928 1984
1928 1985
1928 1986
1928 1987
1928 1988
1929 1979
1929 1980
1929 1981
1929 1982
1929 1983
1929 1984
1929 1985
1929 1986
1929 1987
1929 1988
1929 1989
1930 1980
1930 1981
1930 1982
1930 1983
1930 1984
1930 1985
1930 1986
1930 1987
1930 1988
1930 1989
1931 1981
1931 1982
1931 1983
1931 1984
1931 1985
1931 1986
1931 1987
1931 1988
1931 1989
1932 1982
1932 1983
1932 1984
1932 1985
1932 1986
1932 1987
1932 1988
1932 1989
1932 1990
1933 1983
1933 1984
1933 1985
1933 1986
1933 1987
1933 1988
1933 1989
1933 1990
1934 1984
1934 1985
1934 1986
1934 1987
1934 1988
1934 1989
1934 1990
1935 1985
1935 1986
1935 1987
1935 1988
1935 1989
1935 1990
1935 1991
1936 1986
1936 1987
1936 1988
1936 1989
1936 1990
1936 1991
1937 1987
1937 1988
1937 1989
1937 1990
1937 1991
1937 1992
1938 1988
1938 1989
1938 1990
1938 1991
1938 1992
1939 1989
1939 1990
1939 1991
1939 1992
1940 1990
1940 1991
1940 1992
1940 1993
1941 1991
1941 1992
1941 1993
1942 1992
1942 1993
1943 1993
1943 1994
1944 1994
2116 2166
2116 2167
2116 2168
2117 2167
2117 2168
2117 2169
2117 2170
2117 2171
2117 2172
2118 2168
2118 2169
2118 2170
2118 2171
2118 2172
2118 2173
2118 2174
2118 2175
2119 2169
2119 2170
2119 2171
2119 2172
2119 2173
2119 2174
2119 2175
2119 2176
2119 2177
2119 2178
2120 2170
2120 2171
2120 2172
2120 2173
2120 2174
2120 2175
2120 2176
2120 2177
2120 2178
2120 2179
2120 2180
2120 2181
2121 2171
2121 2172
2121 2173
2121 2174
2121 2175
2121 2176
2121 2177
2121 2178
2121 2179
2121 2180
2121 2181
2121 2182
2121 2183
2122 2172
2122 2173
2122 2174
2122 2175
2122 2176
2122 2177
2122 2178
2122 2179
2122 2180
2122 2181
2122 2182
2122 2183
2122 2184
2122 2185
2123 2173
2123 2174
2123 2175
2123 2176
2123 2177
2123 2178
2123 2179
2123 2180
2123 2181
2123 2182
2123 2183
2123 2184
2123 2185
2123 2186
2124 2174
2124 2175
2124 2176
2124 2177
2124 2178
2124 2179
2124 2180
2124 2181
2124 2182
2124 2183
2124 2184
2124 2185
2124 2186
2124 2187
2125 2175
2125 2176
2125 2177
2125 2178
2125 2179
2125 2180
2125 2181
2125 2182
2125 2183
2125 2184
2125 2185
2125 2186
2125 2187
2125 2188
2126 2176
2126 2177
2126 2178
2126 2179
2126 2180
2126 2181
2126 2182
2126 2183
2126 2184
2126 2185
2126 2186
2126 2187
2126 2188
2126 2189
2127 2177
2127 2178
2127 2179
2127 2180
2127 2181
2127 2182
2127 2183
2127 2184
2127 2185
2127 2186
2127 2187
2127 2188
2127 2189
2127 2190
2128 2178
2128 2179
2128 2180
2128 2181
2128 2182
2128 2183
2128 2184
2128 2185
2128 2186
2128 2187
2128 2188
2128 2189
2128 2190
2129 2179
2129 2180
2129 2181
2129 2182
2129 2183
2129 2184
2129 2185
2129 2186
2129 2187
2129 2188
2129 2189
2129 2190
2129 2191
2130 2180
2130 2181
2130 2182
2130 2183
2130 2184
2130 2185
2130 2186
2130 2187
2130 2188
2130 2189
2130 2190
2130 2191
2130 2192
2131 2181
2131 2182
2131 2183
2131 2184
2131 2185
2131 2186
2131 2187
2131 2188
2131 2189
2131 2190
2131 2191
2131 2192
2132 2182
2132 2183
2132 2184
2132 2185
2132 2186
2132 2187
2132 2188
2132 2189
2132 2190
2132 2191
2132 2192
2133 2183
2133 2184
2133 2185
2133 2186
2133 2187
2133 2188
2133 2189
2133 2190
2133 2191
2133 2192
2133 2193
2134 2184
2134 2185
2134 2186
2134 2187
2134 2188
2134 2189
2134 2190
2134 2191
2134 2192
2134 2193
2135 2185
2135 2186
2135 2187
2135 2188
2135 2189
2135 2190
2135 2191
2135 2192
2135 2193
2136 2186
2136 2187
2136 2188
2136 2189
2136 2190
2136 2191
2136 2192
2136 2193
2137 2187
2137 2188
2137 2189
2137 2190
2137 2191
2137 2192
2137 2193
2138 2188
2138 2189
2138 2190
2138 2191
2138 2192
2138 2193
2138 2194
2139 2189
2139 2190
2139 2191
2139 2192
2139 2193
2139 2194
2140 2190
2140 2191
2140 2192
2140 2193
2140 2194
2141 2191
2141 2192
2141 2193
2141 2194
2142 2192
2142 2193
2142 2194
2143 2193
2143 2194
2144 2194
2458 2508
2458 2509
2459 2509
2459 2510
2459 2511
2459 3869
2459 3870
2459 3871
2459 3872
2459 3873
2459 3874
2460 2510
2460 2511
2460 2512
2460 2513
2460 2514
2460 3868
2460 3869
2460 3870
2460 3871
2460 3872
2460 3873
2460 3874
2460 3875
2461 2511
2461 2512
2461 2513
2461 2514
2461 2515
2461 2516
2461 2517
2461 3866
2461 3867
2461 3868
2461 3869
2461 3870
2461 3871
2461 3872
2461 3873
2461 3874
2461 3875
2461 3876
2462 2512
2462 2513
2462 2514
2462 2515
2462 2516
2462 2517
2462 2518
2462 2519
2462 2520
2462 3865
2462 3866
2462 3867
2462 3868
2462 3869
2462 3870
2462 3871
2462 3872
2462 3873
2462 3874
2462 3875
2462 3876
2462 3877
2463 2513
2463 2514
2463 2515
2463 2516
2463 2517
2463 2518
2463 2519
2463 2520
2463 2521
2463 2522
2463 3865
2463 3866
2463 3867
2463 3868
2463 3869
2463 3870
2463 3871
2463 3872
2463 3873
2463 3874
2463 3875
2463 3876
2463 3877
2463 3878
2464 2514
2464 2515
2464 2516
2464 2517
2464 2518
2464 2519
2464 2520
2464 2521
2464 2522
2464 2523
2464 2524
2464 2525
2464 3864
2464 3865
2464 3866
2464 3867
2464 3868
2464 3869
2464 3870
2464 3871
2464 3872
2464 3873
2464 3874
2464 3875
2464 3876
2464 3877
2464 3878
2465 2515
2465 2516
2465 2517
2465 2518
2465 2519
2465 2520
2465 2521
2465 2522
2465 2523
2465 2524
2465 2525
2465 2526
2465 2527
2465 3863
2465 3864
2465 3865
2465 3866
2465 3867
2465 3868
2465 3869
2465 3870
2465 3871
2465 3872
2465 3873
2465 3874
2465 3875
2465 3876
2465 3877
2465 3878
2465 3879
2466 2516
2466 2517
2466 2518
2466 2519
2466 2520
2466 2521
2466 2522
2466 2523
2466 2524
2466 2525
2466 2526
2466 2527
2466 2528
2466 3863
2466 3864
2466 3865
2466 3866
2466 3867
2466 3868
2466 3869
2466 3870
2466 3871
2466 3872
2466 3873
2466 3874
2466 3875
2466 3876
2466 3877
2466 3878
2466 3879
2467 2517
2467 2518
2467 2519
2467 2520
2467 2521
2467 2522
2467 2523
2467 2524
2467 2525
2467 2526
2467 2527
2467 2528
2467 2529
2467 2530
2467 3862
2467 3863
2467 3864
2467 3865
2467 3866
2467 3867
2467 3868
2467 3869
2467 3870
2467 3871
2467 3872
2467 3873
2467 3874
2467 3875
2467 3876
2467 3877
2467 3878
2467 3879
2467 3880
2468 2518
2468 2519
2468 2520
2468 2521
2468 2522
2468 2523
2468 2524
2468 2525
2468 2526
2468 2527
2468 2528
2468 2529
2468 2530
2468 2531
2468 3862
2468 3863
2468 3864
2468 3865
2468 3866
2468 3867
2468 3868
2468 3869
2468 3870
2468 3871
2468 3872
2468 3873
2468 3874
2468 3875
2468 3876
2468 3877
2468 3878
2468 3879
2468 3880
2469 2519
2469 2520
2469 2521
2469 2522
2469 2523
2469 2524
2469 2525
2469 2526
2469 2527
2469 2528
2469 2529
2469 2530
2469 2531
2469 2532
2469 3862
2469 3863
2469 3864
2469 3865
2469 3866
2469 3867
2469 3868
2469 3869
2469 3870
2469 3871
2469 3872
2469 3873
2469 3874
2469 3875
2469 3876
2469 3877
2469 3878
2469 3879
2469 3880
2470 2520
2470 2521
2470 2522
2470 2523
2470 2524
2470 2525
2470 2526
2470 2527
2470 2528
2470 2529
2470 2530
2470 2531
2470 2532
2470 2533
2470 3861
2470 3862
2470 3863
2470 3864
2470 3865
2470 3866
2470 3867
2470 3868
2470 3869
2470 3870
2470 3872
2470 3873
2470 3874
2470 3875
2470 3876
2470 3877
2470 3878
2470 3879
2470 3880
2471 2521
2471 2522
2471 2523
2471 2524
2471 2525
2471 2526
2471 2527
2471 2528
2471 2529
2471 2530
2471 2531
2471 2532
2471 2533
2471 2534
2471 3861
2471 3862
2471 3863
2471 3864
2471 3865
2471 3866
2471 3867
2471 3868
2471 3874
2471 3875
2471 3876
2471 3877
2471 3878
2471 3879
2471 3880
2471 3881
2472 2522
2472 2523
2472 2524
2472 2525
2472 2526
2472 2527
2472 2528
2472 2529
2472 2530
2472 2531
2472 2532
2472 2533
2472 2534
2472 2535
2472 3861
2472 3862
2472 3863
2472 3864
2472 3865
2472 3866
2472 3867
2472 3875
2472 3876
2472 3877
2472 3878
2472 3879
2472 3880
2472 3881
2473 2523
2473 2524
2473 2525
2473 2526
2473 2527
2473 2528
2473 2529
2473 2530
2473 2531
2473 2532
2473 2533
2473 2534
2473 2535
2473 2536
2473 3860
2473 3861
2473 3862
2473 3863
2473 3864
2473 3865
2473 3866
2473 3875
2473 3876
2473 3877
2473 3878
2473 3879
2473 3880
2473 3881
2474 2524
2474 2525
2474 2526
2474 2527
2474 2528
2474 2529
2474 2530
2474 2531
2474 2532
2474 2533
2474 2534
2474 2535
2474 2536
2474 2537
2474 3860
2474 3861
2474 3862
2474 3863
2474 3864
2474 3865
2474 3866
2474 3876
2474 3877
2474 3878
2474 3879
2474 3880
2474 3881
2475 2525
2475 2526
2475 2527
2475 2528
2475 2529
2475 2530
2475 2531
2475 2532
2475 2533
2475 2534
2475 2535
2475 2536
2475 2537
2475 3860
2475 3861
2475 3862
2475 3863
2475 3864
2475 3865
2475 3876
2475 3877
2475 3878
2475 3879
2475 3880
2475 3881
2476 2526
2476 2527
2476 2528
2476 2529
2476 2530
2476 2531
2476 2532
2476 2533
2476 2534
2476 2535
2476 2536
2476 2537
2476 2538
2476 3859
2476 3860
2476 3861
2476 3862
2476 3863
2476 3864
2476 3865
2476 3876
2476 3877
2476 3878
2476 3879
2476 3880
2476 3881
2477 2527
2477 2528
2477 2529
2477 2530
2477 2531
2477 2532
2477 2533
2477 2534
2477 2535
2477 2536
2477 2537
2477 2538
2477 2539
2477 3859
2477 3860
2477 3861
2477 3862
2477 3863
2477 3864
2477 3876
2477 3877
2477 3878
2477 3879
2477 3880
2477 3881
2478 2528
2478 2529
2478 2530
2478 2531
2478 2532
2478 2533
2478 2534
2478 2535
2478 2536
2478 2537
2478 2538
2478 2539
2478 3859
2478 3860
2478 3861
2478 3862
2478 3863
2478 3864
2478 3876
2478 3877
2478 3878
2478 3879
2478 3880
2478 3881
2479 2529
2479 2530
2479 2531
2479 2532
2479 2533
2479 2534
2479 2535
2479 2536
2479 2537
2479 2538
2479 2539
2479 2540
2479 3859
2479 3860
2479 3861
2479 3862
2479 3863
2479 3877
2479 3878
2479 3879
2479 3880
2479 3881
2480 2530
2480 2531
2480 2532
2480 2533
2480 2534
2480 2535
2480 2536
2480 2537
2480 2538
2480 2539
2480 2540
2480 3858
2480 3859
2480 3860
2480 3861
2480 3862
2480 3863
2480 3877
2480 3878
2480 3879
2480 3880
2480 3881
2481 2531
2481 2532
2481 2533
2481 2534
2481 2535
2481 2536
2481 2537
2481 2538
2481 2539
2481 2540
2481 2541
2481 3858
2481 3859
2481 3860
2481 3861
2481 3862
2481 3863
2481 3877
2481 3878
2481 3879
2481 3880
2481 3881
2482 2532
2482 2533
2482 2534
2482 2535
2482 2536
2482 2537
2482 2538
2482 2539
2482 2540
2482 2541
2482 3858
2482 3859
2482 3860
2482 3861
2482 3862
2482 3877
2482 3878
2482 3879
2482 3880
2482 3881
2483 2533
2483 2534
2483 2535
2483 2536
2483 2537
2483 2538
2483 2539
2483 2540
2483 2541
2483 2542
2483 3858
2483 3859
2483 3860
2483 3861
2483 3862
2483 3877
2483 3878
2483 3879
2483 3880
2483 3881
2484 2534
2484 2535
2484 2536
2484 2537
2484 2538
2484 2539
2484 2540
2484 2541
2484 2542
2484 3857
2484 3858
2484 3859
2484 3860
2484 3861
2484 3862
2484 3877
2484 3878
2484 3879
2484 3880
2484 3881
2485 2535
2485 2536
2485 2537
2485 2538
2485 2539
2485 2540
2485 2541
2485 2542
2485 2543
2485 3857
2485 3858
2485 3859
2485 3860
2485 3861
2485 3862
2485 3877
2485 3878
2485 3879
2485 3880
2485 3881
2486 2536
2486 2537
2486 2538
2486 2539
2486 2540
2486 2541
2486 2542
2486 2543
2486 3857
2486 3858
2486 3859
2486 3860
2486 3861
2486 3877
2486 3878
2486 3879
2486 3880
2486 3881
2487 2537
2487 2538
2487 2539
2487 2540
2487 2541
2487 2542
2487 2543
2487 3857
2487 3858
2487 3859
2487 3860
2487 3861
2487 3877
2487 3878
2487 3879
2487 3880
2487 3881
2488 2538
2488 2539
2488 2540
2488 2541
2488 2542
2488 2543
2488 2544
2488 3856
2488 3857
2488 3858
2488 3859
2488 3860
2488 3861
2488 3877
2488 3878
2488 3879
2488 3880
2488 3881
2489 2539
2489 2540
2489 2541
2489 2542
2489 2543
2489 2544
2489 3856
2489 3857
2489 3858
2489 3859
2489 3860
2489 3877
2489 3878
2489 3879
2489 3880
2489 3881
2490 2540
2490 2541
2490 2542
2490 2543
2490 2544
2490 2545
2490 3856
2490 3857
2490 3858
2490 3859
2490 3860
2490 3877
2490 3878
2490 3879
2490 3880
2490 3881
2491 2541
2491 2542
2491 2543
2491 2544
2491 2545
2491 3856
2491 3857
2491 3858
2491 3859
2491 3860
2491 3877
2491 3878
2491 3879
2491 3880
2491 3881
2492 2542
2492 2543
2492 2544
2492 2545
2492 3855
2492 3856
2492 3857
2492 3858
2492 3859
2492 3877
2492 3878
2492 3879
2492 3880
2493 2543
2493 2544
2493 2545
2493 2546
2493 3855
2493 3856
2493 3857
2493 3858
2493 3859
2493 3876
2493 3877
2493 3878
2493 3879
2493 3880
2494 2544
2494 2545
2494 2546
2494 3855
2494 3856
2494 3857
2494 3858
2494 3859
2494 3876
2494 3877
2494 3878
2494 3879
2494 3880
2495 2545
2495 2546
2495 3855
2495 3856
2495 3857
2495 3858
2495 3876
2495 3877
2495 3878
2495 3879
2495 3880
2496 2546
2496 3855
2496 3856
2496 3857
2496 3858
2496 3876
2496 3877
2496 3878
2496 3879
2496 3880
2497 2547
2497 3854
2497 3855
2497 3856
2497 3857
2497 3858
2497 3876
2497 3877
2497 3878
2497 3879
2497 3880
2498 3854
2498 3855
2498 3856
2498 3857
2498 3858
2498 3876
2498 3877
2498 3878
2498 3879
2498 3880
2499 3854
2499 3855
2499 3856
2499 3857
2499 3858
2499 3876
2499 3877
2499 3878
2499 3879
2499 3880
2500 3854
2500 3855
2500 3856
2500 3857
2500 3858
2500 3876
2500 3877
2500 3878
2500 3879
2500 3880
2501 3854
2501 3855
2501 3856
2501 3857
2501 3876
2501 3877
2501 3878
2501 3879
2501 3880
2502 3854
2502 3855
2502 3856
2502 3857
2502 3876
2502 3877
2502 3878
2502 3879
2502 3880
2503 3853
2503 3854
2503 3855
2503 3856
2503 3857
2503 3876
2503 3877
2503 3878
2503 3879
2503 3880
2504 3853
2504 3854
2504 3855
2504 3856
2504 3857
2504 3876
2504 3877
2504 3878
2504 3879
2504 3880
2505 3853
2505 3854
2505 3855
2505 3856
2505 3857
2505 3876
2505 3877
2505 3878
2505 3879
2505 3880
2506 3853
2506 3854
2506 3855
2506 3856
2506 3857
2506 3876
2506 3877
2506 3878
2506 3879
2506 3880
2507 3853
2507 3854
2507 3855
2507 3856
2507 3857
2507 3876
2507 3877
2507 3878
2507 3879
2507 3880
2508 3853
2508 3854
2508 3855
2508 3856
2508 3857
2508 3876
2508 3877
2508 3878
2508 3879
2508 3880
2509 3853
2509 3854
2509 3855
2509 3856
2509 3857
2509 3876
2509 3877
2509 3878
2509 3879
2509 3880
2510 3853
2510 3854
2510 3855
2510 3856
2510 3857
2510 3876
2510 3877
2510 3878
2510 3879
2510 3880
2511 3853
2511 3854
2511 3855
2511 3856
2511 3857
2511 3876
2511 3877
2511 3878
2511 3879
2511 3880
2512 3853
2512 3854
2512 3855
2512 3856
2512 3857
2512 3876
2512 3877
2512 3878
2512 3879
2512 3880
2513 3853
2513 3854
2513 3855
2513 3856
2513 3857
2513 3876
2513 3877
2513 3878
2513 3879
2513 3880
2514 3853
2514 3854
2514 3855
2514 3856
2514 3857
2514 3876
2514 3877
2514 3878
2514 3879
2514 3880
2515 3853
2515 3854
2515 3855
2515 3856
2515 3857
2515 3876
2515 3877
2515 3878
2515 3879
2515 3880
2516 3853
2516 3854
2516 3855
2516 3856
2516 3857
2516 3876
2516 3877
2516 3878
2516 3879
2516 3880
2517 3853
2517 3854
2517 3855
2517 3856
2517 3857
2517 3876
2517 3877
2517 3878
2517 3879
2517 3880
2518 3853
2518 3854
2518 3855
2518 3856
2518 3857
2518 3876
2518 3877
2518 3878
2518 3879
2518 3880
2519 3853
2519 3854
2519 3855
2519 3856
2519 3857
2519 3876
2519 3877
2519 3878
2519 3879
2519 3880
2520 3853
2520 3854
2520 3855
2520 3856
2520 3857
2520 3876
2520 3877
2520 3878
2520 3879
2520 3880
2521 3854
2521 3855
2521 3856
2521 3857
2521 3877
2521 3878
2521 3879
2521 3880
2522 3854
2522 3855
2522 3856
2522 3857
2522 3877
2522 3878
2522 3879
2522 3880
2523 3854
2523 3855
2523 3856
2523 3857
2523 3877
2523 3878
2523 3879
2523 3880
2524 3854
2524 3855
2524 3856
2524 3857
2524 3877
2524 3878
2524 3879
2524 3880
2525 3854
2525 3855
2525 3856
2525 3857
2525 3858
2525 3877
2525 3878
2525 3879
2525 3880
2526 3854
2526 3855
2526 3856
2526 3857
2526 3858
2526 3877
2526 3878
2526 3879
2526 3880
2526 3881
2527 3854
2527 3855
2527 3856
2527 3857
2527 3858
2527 3877
2527 3878
2527 3879
2527 3880
2527 3881
2528 3854
2528 3855
2528 3856
2528 3857
2528 3858
2528 3877
2528 3878
2528 3879
2528 3880
2528 3881
2529 3855
2529 3856
2529 3857
2529 3858
2529 3877
2529 3878
2529 3879
2529 3880
2529 3881
2530 3855
2530 3856
2530 3857
2530 3858
2530 3877
2530 3878
2530 3879
2530 3880
2530 3881
2531 3855
2531 3856
2531 3857
2531 3858
2531 3859
2531 3877
2531 3878
2531 3879
2531 3880
2531 3881
2532 3855
2532 3856
2532 3857
2532 3858
2532 3859
2532 3877
2532 3878
2532 3879
2532 3880
2532 3881
2533 3855
2533 3856
2533 3857
2533 3858
2533 3859
2533 3877
2533 3878
2533 3879
2533 3880
2533 3881
2534 3855
2534 3856
2534 3857
2534 3858
2534 3859
2534 3877
2534 3878
2534 3879
2534 3880
2534 3881
2535 3856
2535 3857
2535 3858
2535 3859
2535 3860
2535 3877
2535 3878
2535 3879
2535 3880
2535 3881
2536 3856
2536 3857
2536 3858
2536 3859
2536 3860
2536 3876
2536 3877
2536 3878
2536 3879
2536 3880
2536 3881
2537 3856
2537 3857
2537 3858
2537 3859
2537 3860
2537 3876
2537 3877
2537 3878
2537 3879
2537 3880
2537 3881
2538 3856
2538 3857
2538 3858
2538 3859
2538 3860
2538 3861
2538 3876
2538 3877
2538 3878
2538 3879
2538 3880
2538 3881
2539 3856
2539 3857
2539 3858
2539 3859
2539 3860
2539 3861
2539 3876
2539 3877
2539 3878
2539 3879
2539 3880
2540 3857
2540 3858
2540 3859
2540 3860
2540 3861
2540 3875
2540 3876
2540 3877
2540 3878
2540 3879
2540 3880
2541 3857
2541 3858
2541 3859
2541 3860
2541 3861
2541 3862
2541 3875
2541 3876
2541 3877
2541 3878
2541 3879
2541 3880
2542 3857
2542 3858
2542 3859
2542 3860
2542 3861
2542 3862
2542 3874
2542 3875
2542 3876
2542 3877
2542 3878
2542 3879
2542 3880
2543 3858
2543 3859
2543 3860
2543 3861
2543 3862
2543 3863
2543 3874
2543 3875
2543 3876
2543 3877
2543 3878
2543 3879
2543 3880
2544 3858
2544 3859
2544 3860
2544 3861
2544 3862
2544 3863
2544 3864
2544 3872
2544 3873
2544 3874
2544 3875
2544 3876
2544 3877
2544 3878
2544 3879
2545 3858
2545 3859
2545 3860
2545 3861
2545 3862
2545 3863
2545 3864
2545 3865
2545 3866
2545 3871
2545 3872
2545 3873
2545 3874
2545 3875
2545 3876
2545 3877
2545 3878
2545 3879
2546 3859
2546 3860
2546 3861
2546 3862
2546 3863
2546 3864
2546 3865
2546 3866
2546 3867
2546 3868
2546 3869
2546 3870
2546 3871
2546 3872
2546 3873
2546 3874
2546 3875
2546 3876
2546 3877
2546 3878
2547 3859
2547 3860
2547 3861
2547 3862
2547 3863
2547 3864
2547 3865
2547 3866
2547 3867
2547 3868
2547 3869
2547 3870
2547 3871
2547 3872
2547 3873
2547 3874
2547 3875
2547 3876
2547 3877
2547 3878
2548 3860
2548 3861
2548 3862
2548 3863
2548 3864
2548 3865
2548 3866
2548 3867
2548 3868
2548 3869
2548 3870
2548 3871
2548 3872
2548 3873
2548 3874
2548 3875
2548 3876
2548 3877
2549 3861
2549 3862
2549 3863
2549 3864
2549 3865
2549 3866
2549 3867
2549 3868
2549 3869
2549 3870
2549 3871
2549 3872
2549 3873
2549 3874
2549 3875
2549 3876
2550 3862
2550 3863
2550 3864
2550 3865
2550 3866
2550 3867
2550 3868
2550 3869
2550 3870
2550 3871
2550 3872
2550 3873
2550 3874
2550 3875
2551 3863
2551 3864
2551 3865
2551 3866
2551 3867
2551 3868
2551 3869
2551 3870
2551 3871
2551 3872
2551 3873
2551 3874
2552 3865
2552 3866
2552 3867
2552 3868
2552 3869
2552 3870
2552 3871
2552 3872
3968 4018
3968 4019
3968 4020
3968 4021
3968 4022
3968 4023
3968 4024
3968 4025
3968 4026
3968 4027
3968 4028
3968 4029
3968 4030
3969 4019
3969 4020
3969 4021
3969 4022
3969 4023
3969 4024
3969 4025
3969 4026
3969 4027
3969 4028
3969 4029
3969 4030
3969 4031
3969 4032
3969 4033
3969 4034
3969 4035
3970 4020
3970 4021
3970 4022
3970 4023
3970 4024
3970 4025
3970 4026
3970 4027
3970 4028
3970 4029
3970 4030
3970 4031
3970 4032
3970 4033
3970 4034
3970 4035
3970 4036
3970 4037
3970 4038
3970 4039
3971 4021
3971 4022
3971 4023
3971 4024
3971 4025
3971 4026
3971 4027
3971 4028
3971 4029
3971 4030
3971 4031
3971 4032
3971 4033
3971 4034
3971 4035
3971 4036
3971 4037
3971 4038
3971 4039
3971 4040
3971 4041
3972 4022
3972 4023
3972 4024
3972 4025
3972 4026
3972 4027
3972 4028
3972 4029
3972 4030
3972 4031
3972 4032
3972 4033
3972 4034
3972 4035
3972 4036
3972 4037
3972 4038
3972 4039
3972 4040
3972 4041
3972 4042
3972 4043
3973 4023
3973 4024
3973 4025
3973 4026
3973 4027
3973 4028
3973 4029
3973 4030
3973 4031
3973 4032
3973 4033
3973 4034
3973 4035
3973 4036
3973 4037
3973 4038
3973 4039
3973 4040
3973 4041
3973 4042
3973 4043
3973 4044
3973 4045
3974 4024
3974 4025
3974 4026
3974 4027
3974 4028
3974 4029
3974 4030
3974 4031
3974 4032
3974 4033
3974 4034
3974 4035
3974 4036
3974 4037
3974 4038
3974 4039
3974 4040
3974 4041
3974 4042
3974 4043
3974 4044
3974 4045
3974 4046
3974 4047
3975 4025
3975 4026
3975 4027
3975 4028
3975 4029
3975 4030
3975 4031
3975 4032
3975 4033
3975 4034
3975 4035
3975 4036
3975 4037
3975 4038
3975 4039
3975 4040
3975 4041
3975 4042
3975 4043
3975 4044
3975 4045
3975 4046
3975 4047
3975 4048
3976 4026
3976 4027
3976 4028
3976 4029
3976 4030
3976 4031
3976 4032
3976 4033
3976 4034
3976 4035
3976 4036
3976 4037
3976 4038
3976 4039
3976 4040
3976 4041
3976 4042
3976 4043
3976 4044
3976 4045
3976 4046
3976 4047
3976 4048
3976 4049
3976 4050
3977 4031
3977 4032
3977 4033
3977 4034
3977 4035
3977 4036
3977 4037
3977 4038
3977 4039
3977 4040
3977 4041
3977 4042
3977 4043
3977 4044
3977 4045
3977 4046
3977 4047
3977 4048
3977 4049
3977 4050
3977 4051
3978 4036
3978 4037
3978 4038
3978 4039
3978 4040
3978 4041
3978 4042
3978 4043
3978 4044
3978 4045
3978 4046
3978 4047
3978 4048
3978 4049
3978 4050
3978 4051
3978 4052
3979 4039
3979 4040
3979 4041
3979 4042
3979 4043
3979 4044
3979 4045
3979 4046
3979 4047
3979 4048
3979 4049
3979 4050
3979 4051
3979 4052
3979 4053
3980 4042
3980 4043
3980 4044
3980 4045
3980 4046
3980 4047
3980 4048
3980 4049
3980 4050
3980 4051
3980 4052
3980 4053
3980 4054
3981 4043
3981 4044
3981 4045
3981 4046
3981 4047
3981 4048
3981 4049
3981 4050
3981 4051
3981 4052
3981 4053
3981 4054
3981 4055
3982 4045
3982 4046
3982 4047
3982 4048
3982 4049
3982 4050
3982 4051
3982 4052
3982 4053
3982 4054
3982 4055
3982 4056
3983 4046
3983 4047
3983 4048
3983 4049
3983 4050
3983 4051
3983 4052
3983 4053
3983 4054
3983 4055
3983 4056
3983 4057
3984 4048
3984 4049
3984 4050
3984 4051
3984 4052
3984 4053
3984 4054
3984 4055
3984 4056
3984 4057
3985 4049
3985 4050
3985 4051
3985 4052
3985 4053
3985 4054
3985 4055
3985 4056
3985 4057
3985 4058
3986 4050
3986 4051
3986 4052
3986 4053
3986 4054
3986 4055
3986 4056
3986 4057
3986 4058
3986 4059
3987 4051
3987 4052
3987 4053
3987 4054
3987 4055
3987 4056
3987 4057
3987 4058
3987 4059
3988 4052
3988 4053
3988 4054
3988 4055
3988 4056
3988 4057
3988 4058
3988 4059
3988 4060
3989 4052
3989 4053
3989 4054
3989 4055
3989 4056
3989 4057
3989 4058
3989 4059
3989 4060
3990 4053
3990 4054
3990 4055
3990 4056
3990 4057
3990 4058
3990 4059
3990 4060
3990 4061
3991 4054
3991 4055
3991 4056
3991 4057
3991 4058
3991 4059
3991 4060
3991 4061
3992 4054
3992 4055
3992 4056
3992 4057
3992 4058
3992 4059
3992 4060
3992 4061
3992 4062
3993 4055
3993 4056
3993 4057
3993 4058
3993 4059
3993 4060
3993 4061
3993 4062
3994 4056
3994 4057
3994 4058
3994 4059
3994 4060
3994 4061
3994 4062
3994 4063
3995 4056
3995 4057
3995 4058
3995 4059
3995 4060
3995 4061
3995 4062
3995 4063
3996 4057
3996 4058
3996 4059
3996 4060
3996 4061
3996 4062
3996 4063
3996 4064
3997 4057
3997 4058
3997 4059
3997 4060
3997 4061
3997 4062
3997 4063
3997 4064
3998 4058
3998 4059
3998 4060
3998 4061
3998 4062
3998 4063
3998 4064
3999 4058
3999 4059
3999 4060
3999 4061
3999 4062
3999 4063
3999 4064
4000 4058
4000 4059
4000 4060
4000 4061
4000 4062
4000 4063
4000 4064
4000 4065
4001 4058
4001 4059
4001 4060
4001 4061
4001 4062
4001 4063
4001 4064
4001 4065
4002 4059
4002 4060
4002 4061
4002 4062
4002 4063
4002 4064
4002 4065
4003 4059
4003 4060
4003 4061
4003 4062
4003 4063
4003 4064
4003 4065
4004 4059
4004 4060
4004 4061
4004 4062
4004 4063
4004 4064
4004 4065
4005 4059
4005 4060
4005 4061
4005 4062
4005 4063
4005 4064
4005 4065
4006 4059
4006 4060
4006 4061
4006 4062
4006 4063
4006 4064
4006 4065
4007 4059
4007 4060
4007 4061
4007 4062
4007 4063
4007 4064
4007 4065
4008 4059
4008 4060
4008 4061
4008 4062
4008 4063
4008 4064
4008 4065
4009 4059
4009 4060
4009 4061
4009 4062
4009 4063
4009 4064
4009 4065
4010 4060
4010 4061
4010 4062
4010 4063
4010 4064
4010 4065
4011 4061
4011 4062
4011 4063
4011 4064
4011 4065
4012 4062
4012 4063
4012 4064
4012 4065
4013 4063
4013 4064
4013 4065
4014 4064
4014 4065
4015 4065
