15 2415
15 2416
15 2417
15 2418
15 2419
15 2420
16 2414
16 2415
16 2416
16 2417
16 2418
16 2419
16 2420
16 2421
16 2422
17 2413
17 2414
17 2415
17 2416
17 2417
17 2418
17 2419
17 2420
17 2421
17 2422
17 2423
18 2413
18 2414
18 2415
18 2416
18 2417
18 2418
18 2419
18 2420
18 2421
18 2422
18 2423
18 2424
18 2425
19 2413
19 2414
19 2415
19 2416
19 2417
19 2418
19 2419
19 2420
19 2421
19 2422
19 2423
19 2424
19 2425
19 2426
20 2414
20 2415
20 2416
20 2417
20 2418
20 2419
20 2420
20 2421
20 2422
20 2423
20 2424
20 2425
20 2426
20 2427
21 2415
21 2416
21 2417
21 2418
21 2419
21 2420
21 2421
21 2422
21 2423
21 2424
21 2425
21 2426
21 2427
21 2428
22 2416
22 2417
22 2418
22 2419
22 2420
22 2421
22 2422
22 2423
22 2424
22 2425
22 2426
22 2427
22 2428
22 2429
23 2417
23 2418
23 2419
23 2420
23 2421
23 2422
23 2423
23 2427
23 2428
23 2429
23 2430
23 2431
24 2418
24 2419
24 2420
24 2421
24 2422
24 2423
24 2428
24 2429
24 2430
24 2431
24 2432
25 2419
25 2420
25 2421
25 2422
25 2423
25 2424
25 2430
25 2431
25 2432
25 2433
26 2421
26 2422
26 2423
26 2424
26 2425
26 2431
26 2432
26 2433
26 2434
27 2422
27 2423
27 2424
27 2425
27 2426
27 2432
27 2433
27 2434
27 2435
28 2423
28 2424
28 2425
28 2426
28 2427
28 2433
28 2434
28 2435
28 2436
29 2425
29 2426
29 2427
29 2428
29 2434
29 2435
29 2436
29 2437
30 2426
30 2427
30 2428
30 2429
30 2435
30 2436
30 2437
30 2438
31 2428
31 2429
31 2430
31 2431
31 2436
31 2437
31 2438
31 2439
32 2429
32 2430
32 2431
32 2432
32 2437
32 2438
32 2439
32 2440
33 2430
33 2431
33 2432
33 2433
33 2438
33 2439
33 2440
33 2441
34 2431
34 2432
34 2433
34 2434
34 2439
34 2440
34 2441
35 2433
35 2434
35 2435
35 2440
35 2441
35 2442
36 2434
36 2435
36 2436
36 2441
36 2442
36 2443
37 2435
37 2436
37 2437
37 2442
37 2443
37 2444
38 2436
38 2437
38 2438
38 2443
38 2444
38 2445
39 2437
39 2438
39 2439
39 2440
39 2444
39 2445
39 2446
40 2438
40 2439
40 2440
40 2441
40 2445
40 2446
40 2447
41 2440
41 2441
41 2442
41 2446
41 2447
41 2448
42 2441
42 2442
42 2443
42 2447
42 2448
42 2449
43 2442
43 2443
43 2444
43 2448
43 2449
43 2450
44 2443
44 2444
44 2445
44 2449
44 2450
44 2451
45 2444
45 2445
45 2450
45 2451
45 2452
46 2445
46 2446
46 2451
46 2452
47 2446
47 2447
47 2452
47 2453
48 2447
48 2448
48 2453
48 2454
49 2448
49 2449
49 2454
49 2455
50 2449
50 2450
50 2455
50 2456
51 2449
51 2450
51 2451
51 2456
51 2457
52 2450
52 2451
52 2452
52 2456
52 2457
52 2458
53 2451
53 2452
53 2453
53 2457
53 2458
53 2459
54 2452
54 2453
54 2454
54 2458
54 2459
54 2460
55 2453
55 2454
55 2455
55 2459
55 2460
55 2461
56 2454
56 2455
56 2456
56 2460
56 2461
56 2462
57 2455
57 2456
57 2457
57 2461
57 2462
57 2463
58 2456
58 2457
58 2458
58 2462
58 2463
58 2464
59 2457
59 2458
59 2459
59 2463
59 2464
59 2465
60 2458
60 2459
60 2460
60 2464
60 2465
60 2466
61 2459
61 2460
61 2461
61 2465
61 2466
61 2467
62 2460
62 2461
62 2466
62 2467
62 2468
63 2461
63 2462
63 2467
63 2468
63 2469
64 2462
64 2463
64 2468
64 2469
64 2470
65 2463
65 2464
65 2469
65 2470
65 2471
66 2464
66 2465
66 2470
66 2471
66 2472
67 2465
67 2466
67 2471
67 2472
68 2466
68 2467
68 2472
68 2473
69 2466
69 2467
69 2468
69 2473
69 2474
70 2467
70 2468
70 2469
70 2474
70 2475
71 2468
71 2469
71 2470
71 2475
71 2476
72 2469
72 2470
72 2471
72 2476
72 2477
73 2470
73 2471
73 2472
73 2477
73 2478
74 2471
74 2472
74 2473
74 2478
74 2479
75 2472
75 2473
75 2474
75 2479
75 2480
76 2473
76 2474
76 2475
76 2480
76 2481
77 2474
77 2475
77 2476
77 2481
77 2482
78 2475
78 2476
78 2477
78 2482
78 2483
79 2476
79 2477
79 2478
79 2483
79 2484
80 2477
80 2478
80 2479
80 2484
80 2485
81 2478
81 2479
81 2480
81 2485
81 2486
82 2479
82 2480
82 2481
82 2486
82 2487
83 2480
83 2481
83 2482
83 2487
83 2488
84 2481
84 2482
84 2483
84 2488
84 2489
85 2482
85 2483
85 2484
85 2489
85 2490
86 2483
86 2484
86 2485
86 2490
86 2491
87 2484
87 2485
87 2486
87 2491
87 2492
87 2493
88 2485
88 2486
88 2487
88 2492
88 2493
88 2494
89 2486
89 2487
89 2488
89 2493
89 2494
89 2495
90 2487
90 2488
90 2489
90 2494
90 2495
90 2496
91 2488
91 2489
91 2490
91 2495
91 2496
92 2489
92 2490
92 2491
92 2496
92 2497
93 2490
93 2491
93 2492
93 2496
93 2497
93 2498
94 2491
94 2492
94 2493
94 2497
94 2498
94 2499
95 2492
95 2493
95 2494
95 2498
95 2499
95 2500
96 2493
96 2494
96 2495
96 2499
96 2500
96 2501
97 2494
97 2495
97 2500
97 2501
97 2502
98 2494
98 2495
98 2496
98 2501
98 2502
98 2503
99 2495
99 2496
99 2497
99 2502
99 2503
99 2504
100 2496
100 2497
100 2498
100 2503
100 2504
100 2505
101 2497
101 2498
101 2499
101 2503
101 2504
101 2505
102 2498
102 2499
102 2504
102 2505
102 2506
103 2498
103 2499
103 2500
103 2505
103 2506
103 2507
104 2499
104 2500
104 2501
104 2506
104 2507
104 2508
105 2500
105 2501
105 2502
105 2506
105 2507
105 2508
106 2500
106 2501
106 2502
106 2507
106 2508
106 2509
107 2501
107 2502
107 2503
107 2508
107 2509
107 2510
108 2501
108 2502
108 2503
108 2508
108 2509
108 2510
109 2502
109 2503
109 2504
109 2509
109 2510
109 2511
110 2503
110 2504
110 2505
110 2509
110 2510
110 2511
111 2503
111 2504
111 2505
111 2510
111 2511
111 2512
112 2504
112 2505
112 2506
112 2510
112 2511
112 2512
113 2504
113 2505
113 2506
113 2511
113 2512
113 2513
114 2505
114 2506
114 2507
114 2511
114 2512
114 2513
115 2505
115 2506
115 2507
115 2512
115 2513
115 2514
116 2505
116 2506
116 2507
116 2508
116 2512
116 2513
116 2514
117 2506
117 2507
117 2508
117 2513
117 2514
117 2515
118 2506
118 2507
118 2508
118 2513
118 2514
118 2515
119 2507
119 2508
119 2509
119 2513
119 2514
119 2515
120 2507
120 2508
120 2509
120 2514
120 2515
120 2516
121 2507
121 2508
121 2509
121 2514
121 2515
121 2516
122 2508
122 2509
122 2510
122 2515
122 2516
122 2517
123 2508
123 2509
123 2510
123 2515
123 2516
123 2517
124 2508
124 2509
124 2510
124 2515
124 2516
124 2517
125 2509
125 2510
125 2511
125 2516
125 2517
125 2518
126 2509
126 2510
126 2511
126 2516
126 2517
126 2518
127 2509
127 2510
127 2511
127 2516
127 2517
127 2518
128 2510
128 2511
128 2512
128 2517
128 2518
128 2519
129 2510
129 2511
129 2512
129 2517
129 2518
129 2519
130 2510
130 2511
130 2512
130 2513
130 2517
130 2518
130 2519
131 2511
131 2512
131 2513
131 2517
131 2518
131 2519
132 2511
132 2512
132 2513
132 2517
132 2518
132 2519
132 2520
133 2511
133 2512
133 2513
133 2514
133 2518
133 2519
133 2520
134 2512
134 2513
134 2514
134 2518
134 2519
134 2520
135 2512
135 2513
135 2514
135 2515
135 2517
135 2518
135 2519
135 2520
136 2512
136 2513
136 2514
136 2515
136 2516
136 2517
136 2518
136 2519
136 2520
137 2513
137 2514
137 2515
137 2516
137 2517
137 2518
137 2519
137 2520
138 2513
138 2514
138 2515
138 2516
138 2517
138 2518
138 2519
138 2520
139 2514
139 2515
139 2516
139 2517
139 2518
139 2519
139 2520
140 2514
140 2515
140 2516
140 2517
140 2518
140 2519
140 2520
141 2515
141 2516
141 2517
141 2518
141 2519
141 2520
142 2515
142 2516
142 2517
142 2518
142 2519
142 2520
143 2516
143 2517
143 2518
143 2519
144 2517
144 2518
527 1298
527 1299
527 1300
527 1301
527 1302
527 1303
528 1297
528 1298
528 1299
528 1300
528 1301
528 1302
528 1303
528 1304
529 1296
529 1297
529 1298
529 1299
529 1300
529 1301
529 1302
529 1303
529 1304
529 1305
530 1295
530 1296
530 1297
530 1298
530 1299
530 1300
530 1301
530 1302
530 1303
530 1304
530 1305
530 1306
531 1294
531 1295
531 1296
531 1297
531 1298
531 1299
531 1300
531 1301
531 1302
531 1303
531 1304
531 1305
531 1306
531 1307
532 1293
532 1294
532 1295
532 1296
532 1297
532 1298
532 1299
532 1300
532 1301
532 1302
532 1303
532 1304
532 1305
532 1306
532 1307
532 1308
533 1293
533 1294
533 1295
533 1296
533 1297
533 1298
533 1299
533 1300
533 1301
533 1302
533 1303
533 1304
533 1305
533 1306
533 1307
533 1308
534 1293
534 1294
534 1295
534 1296
534 1297
534 1298
534 1299
534 1300
534 1301
534 1302
534 1303
534 1304
534 1305
534 1306
534 1307
534 1308
534 1309
535 1292
535 1293
535 1294
535 1295
535 1296
535 1297
535 1298
535 1299
535 1304
535 1305
535 1306
535 1307
535 1308
535 1309
536 1292
536 1293
536 1294
536 1295
536 1296
536 1297
536 1298
536 1305
536 1306
536 1307
536 1308
536 1309
536 1310
537 1292
537 1293
537 1294
537 1295
537 1296
537 1297
537 1298
537 1306
537 1307
537 1308
537 1309
537 1310
537 1311
538 1293
538 1294
538 1295
538 1296
538 1297
538 1298
538 1306
538 1307
538 1308
538 1309
538 1310
538 1311
539 1293
539 1294
539 1295
539 1296
539 1297
539 1298
539 1307
539 1308
539 1309
539 1310
539 1311
539 1312
540 1293
540 1294
540 1295
540 1296
540 1297
540 1298
540 1299
540 1308
540 1309
540 1310
540 1311
540 1312
541 1294
541 1295
541 1296
541 1297
541 1298
541 1299
541 1308
541 1309
541 1310
541 1311
541 1312
541 1313
542 1294
542 1295
542 1296
542 1297
542 1298
542 1299
542 1300
542 1309
542 1310
542 1311
542 1312
542 1313
543 1295
543 1296
543 1297
543 1298
543 1299
543 1300
543 1310
543 1311
543 1312
543 1313
543 1314
544 1295
544 1296
544 1297
544 1298
544 1299
544 1300
544 1301
544 1310
544 1311
544 1312
544 1313
544 1314
544 1315
545 1296
545 1297
545 1298
545 1299
545 1300
545 1301
545 1302
545 1311
545 1312
545 1313
545 1314
545 1315
546 1297
546 1298
546 1299
546 1300
546 1301
546 1302
546 1303
546 1311
546 1312
546 1313
546 1314
546 1315
546 1316
547 1298
547 1299
547 1300
547 1301
547 1302
547 1303
547 1304
547 1312
547 1313
547 1314
547 1315
547 1316
548 1299
548 1300
548 1301
548 1302
548 1303
548 1304
548 1305
548 1313
548 1314
548 1315
548 1316
548 1317
549 1300
549 1301
549 1302
549 1303
549 1304
549 1305
549 1306
549 1313
549 1314
549 1315
549 1316
549 1317
549 1318
550 1301
550 1302
550 1303
550 1304
550 1305
550 1306
550 1307
550 1314
550 1315
550 1316
550 1317
550 1318
551 1302
551 1303
551 1304
551 1305
551 1306
551 1307
551 1308
551 1315
551 1316
551 1317
551 1318
551 1319
552 1303
552 1304
552 1305
552 1306
552 1307
552 1308
552 1309
552 1315
552 1316
552 1317
552 1318
552 1319
553 1304
553 1305
553 1306
553 1307
553 1308
553 1309
553 1310
553 1316
553 1317
553 1318
553 1319
553 1320
554 1305
554 1306
554 1307
554 1308
554 1309
554 1310
554 1311
554 1317
554 1318
554 1319
554 1320
554 1321
555 1306
555 1307
555 1308
555 1309
555 1310
555 1311
555 1312
555 1317
555 1318
555 1319
555 1320
555 1321
555 1322
556 1307
556 1308
556 1309
556 1310
556 1311
556 1312
556 1313
556 1318
556 1319
556 1320
556 1321
556 1322
557 1308
557 1309
557 1310
557 1311
557 1312
557 1313
557 1319
557 1320
557 1321
557 1322
557 1323
558 1309
558 1310
558 1311
558 1312
558 1313
558 1314
558 1320
558 1321
558 1322
558 1323
558 1324
559 1310
559 1311
559 1312
559 1313
559 1314
559 1315
559 1321
559 1322
559 1323
559 1324
559 1325
560 1311
560 1312
560 1313
560 1314
560 1315
560 1316
560 1322
560 1323
560 1324
560 1325
561 1312
561 1313
561 1314
561 1315
561 1316
561 1317
561 1323
561 1324
561 1325
561 1326
562 1314
562 1315
562 1316
562 1317
562 1318
562 1324
562 1325
562 1326
562 1327
563 1315
563 1316
563 1317
563 1318
563 1319
563 1325
563 1326
563 1327
563 1328
564 1316
564 1317
564 1318
564 1319
564 1320
564 1326
564 1327
564 1328
564 1329
565 1317
565 1318
565 1319
565 1320
565 1321
565 1327
565 1328
565 1329
565 1330
566 1318
566 1319
566 1320
566 1321
566 1328
566 1329
566 1330
567 1319
567 1320
567 1321
567 1322
567 1328
567 1329
567 1330
567 1331
568 1320
568 1321
568 1322
568 1323
568 1329
568 1330
568 1331
568 1332
569 1321
569 1322
569 1323
569 1324
569 1330
569 1331
569 1332
569 1333
570 1322
570 1323
570 1324
570 1325
570 1331
570 1332
570 1333
570 1334
571 1323
571 1324
571 1325
571 1326
571 1332
571 1333
571 1334
571 1335
572 1324
572 1325
572 1326
572 1327
572 1333
572 1334
572 1335
572 1336
573 1326
573 1327
573 1328
573 1334
573 1335
573 1336
573 1337
574 1327
574 1328
574 1329
574 1335
574 1336
574 1337
574 1338
575 1328
575 1329
575 1330
575 1336
575 1337
575 1338
575 1339
576 1329
576 1330
576 1331
576 1332
576 1337
576 1338
576 1339
577 1330
577 1331
577 1332
577 1333
577 1338
577 1339
577 1340
578 1331
578 1332
578 1333
578 1334
578 1339
578 1340
578 1341
579 1332
579 1333
579 1334
579 1335
579 1340
579 1341
579 1342
580 1333
580 1334
580 1335
580 1336
580 1341
580 1342
580 1343
581 1334
581 1335
581 1336
581 1337
581 1342
581 1343
581 1344
582 1335
582 1336
582 1337
582 1338
582 1343
582 1344
582 1345
583 1336
583 1337
583 1338
583 1339
583 1344
583 1345
583 1346
584 1337
584 1338
584 1339
584 1340
584 1345
584 1346
584 1347
585 1338
585 1339
585 1340
585 1346
585 1347
585 1348
586 1339
586 1340
586 1341
586 1347
586 1348
586 1349
587 1340
587 1341
587 1342
587 1348
587 1349
587 1350
588 1341
588 1342
588 1343
588 1349
588 1350
588 1351
589 1342
589 1343
589 1344
589 1349
589 1350
589 1351
589 1352
590 1343
590 1344
590 1345
590 1350
590 1351
590 1352
590 1353
591 1344
591 1345
591 1346
591 1351
591 1352
591 1353
591 1354
592 1345
592 1346
592 1347
592 1352
592 1353
592 1354
593 1346
593 1347
593 1348
593 1353
593 1354
593 1355
594 1347
594 1348
594 1349
594 1354
594 1355
594 1356
595 1348
595 1349
595 1350
595 1355
595 1356
595 1357
596 1349
596 1350
596 1351
596 1356
596 1357
596 1358
597 1350
597 1351
597 1352
597 1357
597 1358
597 1359
598 1351
598 1352
598 1353
598 1358
598 1359
598 1360
599 1352
599 1353
599 1354
599 1359
599 1360
599 1361
600 1353
600 1354
600 1355
600 1360
600 1361
600 1362
601 1353
601 1354
601 1355
601 1356
601 1361
601 1362
601 1363
602 1354
602 1355
602 1356
602 1357
602 1362
602 1363
602 1364
603 1355
603 1356
603 1357
603 1358
603 1363
603 1364
603 1365
604 1356
604 1357
604 1358
604 1364
604 1365
604 1366
605 1357
605 1358
605 1359
605 1365
605 1366
605 1367
606 1358
606 1359
606 1360
606 1366
606 1367
606 1368
607 1359
607 1360
607 1361
607 1367
607 1368
607 1369
608 1360
608 1361
608 1362
608 1368
608 1369
608 1370
609 1361
609 1362
609 1363
609 1369
609 1370
609 1371
610 1362
610 1363
610 1364
610 1369
610 1370
610 1371
610 1372
611 1363
611 1364
611 1365
611 1370
611 1371
611 1372
611 1373
612 1364
612 1365
612 1366
612 1371
612 1372
612 1373
612 1374
613 1365
613 1366
613 1367
613 1372
613 1373
613 1374
613 1375
614 1366
614 1367
614 1368
614 1373
614 1374
614 1375
615 1367
615 1368
615 1369
615 1374
615 1375
615 1376
616 1368
616 1369
616 1370
616 1375
616 1376
616 1377
617 1369
617 1370
617 1371
617 1376
617 1377
617 1378
618 1370
618 1371
618 1372
618 1377
618 1378
618 1379
619 1370
619 1371
619 1372
619 1373
619 1378
619 1379
619 1380
620 1371
620 1372
620 1373
620 1374
620 1379
620 1380
620 1381
621 1372
621 1373
621 1374
621 1375
621 1380
621 1381
621 1382
622 1373
622 1374
622 1375
622 1376
622 1381
622 1382
622 1383
623 1374
623 1375
623 1376
623 1377
623 1382
623 1383
623 1384
624 1375
624 1376
624 1377
624 1383
624 1384
624 1385
625 1376
625 1377
625 1378
625 1384
625 1385
625 1386
626 1377
626 1378
626 1379
626 1385
626 1386
626 1387
627 1378
627 1379
627 1380
627 1385
627 1386
627 1387
627 1388
628 1379
628 1380
628 1381
628 1386
628 1387
628 1388
629 1380
629 1381
629 1382
629 1387
629 1388
629 1389
630 1381
630 1382
630 1383
630 1388
630 1389
630 1390
631 1382
631 1383
631 1384
631 1389
631 1390
631 1391
632 1383
632 1384
632 1385
632 1390
632 1391
632 1392
633 1384
633 1385
633 1386
633 1391
633 1392
633 1393
634 1385
634 1386
634 1387
634 1392
634 1393
634 1394
635 1386
635 1387
635 1388
635 1393
635 1394
635 1395
636 1387
636 1388
636 1389
636 1394
636 1395
636 1396
637 1388
637 1389
637 1390
637 1395
637 1396
637 1397
638 1389
638 1390
638 1391
638 1396
638 1397
638 1398
639 1390
639 1391
639 1392
639 1397
639 1398
639 1399
640 1391
640 1392
640 1393
640 1398
640 1399
641 1392
641 1393
641 1394
641 1399
641 1400
642 1393
642 1394
642 1395
642 1400
642 1401
643 1394
643 1395
643 1396
643 1400
643 1401
643 1402
644 1395
644 1396
644 1397
644 1401
644 1402
644 1403
645 1396
645 1397
645 1398
645 1402
645 1403
645 1404
646 1397
646 1398
646 1403
646 1404
646 1405
647 1398
647 1399
647 1404
647 1405
647 1406
648 1398
648 1399
648 1400
648 1405
648 1406
648 1407
649 1399
649 1400
649 1401
649 1406
649 1407
649 1408
650 1400
650 1401
650 1402
650 1407
650 1408
650 1409
651 1401
651 1402
651 1403
651 1408
651 1409
651 1410
652 1402
652 1403
652 1404
652 1409
652 1410
653 1403
653 1404
653 1405
653 1410
653 1411
654 1404
654 1405
654 1406
654 1410
654 1411
654 1412
655 1405
655 1406
655 1407
655 1411
655 1412
655 1413
656 1406
656 1407
656 1408
656 1412
656 1413
656 1414
657 1407
657 1408
657 1413
657 1414
657 1415
658 1408
658 1409
658 1414
658 1415
658 1416
659 1409
659 1410
659 1415
659 1416
659 1417
660 1409
660 1410
660 1411
660 1416
660 1417
660 1418
661 1410
661 1411
661 1412
661 1417
661 1418
661 1419
662 1411
662 1412
662 1413
662 1418
662 1419
662 1420
663 1412
663 1413
663 1414
663 1419
663 1420
663 1421
664 1413
664 1414
664 1415
664 1420
664 1421
665 1414
665 1415
665 1416
665 1421
665 1422
666 1415
666 1416
666 1417
666 1421
666 1422
666 1423
667 1416
667 1417
667 1418
667 1422
667 1423
667 1424
668 1417
668 1418
668 1419
668 1423
668 1424
668 1425
669 1418
669 1419
669 1424
669 1425
669 1426
670 1419
670 1420
670 1425
670 1426
670 1427
671 1419
671 1420
671 1421
671 1426
671 1427
671 1428
672 1420
672 1421
672 1422
672 1427
672 1428
672 1429
673 1421
673 1422
673 1423
673 1428
673 1429
673 1430
674 1422
674 1423
674 1424
674 1429
674 1430
675 1423
675 1424
675 1425
675 1430
675 1431
676 1424
676 1425
676 1426
676 1431
676 1432
677 1425
677 1426
677 1427
677 1431
677 1432
677 1433
678 1426
678 1427
678 1428
678 1432
678 1433
678 1434
679 1427
679 1428
679 1429
679 1433
679 1434
679 1435
680 1428
680 1429
680 1434
680 1435
680 1436
681 1429
681 1430
681 1435
681 1436
681 1437
682 1429
682 1430
682 1431
682 1436
682 1437
682 1438
683 1430
683 1431
683 1432
683 1437
683 1438
683 1439
684 1431
684 1432
684 1433
684 1438
684 1439
685 1432
685 1433
685 1434
685 1439
685 1440
686 1433
686 1434
686 1435
686 1439
686 1440
686 1441
687 1434
687 1435
687 1436
687 1440
687 1441
687 1442
688 1435
688 1436
688 1437
688 1441
688 1442
688 1443
689 1436
689 1437
689 1442
689 1443
689 1444
690 1437
690 1438
690 1443
690 1444
690 1445
691 1438
691 1439
691 1444
691 1445
691 1446
692 1438
692 1439
692 1440
692 1445
692 1446
693 1439
693 1440
693 1441
693 1446
693 1447
694 1440
694 1441
694 1442
694 1446
694 1447
694 1448
695 1441
695 1442
695 1443
695 1447
695 1448
695 1449
696 1442
696 1443
696 1444
696 1448
696 1449
696 1450
697 1443
697 1444
697 1445
697 1449
697 1450
697 1451
698 1444
698 1445
698 1446
698 1450
698 1451
698 1452
699 1445
699 1446
699 1451
699 1452
700 1446
700 1447
700 1452
700 1453
701 1446
701 1447
701 1448
701 1453
701 1454
702 1447
702 1448
702 1449
702 1453
702 1454
702 1455
703 1448
703 1449
703 1450
703 1454
703 1455
703 1456
704 1449
704 1450
704 1451
704 1455
704 1456
704 1457
705 1450
705 1451
705 1452
705 1456
705 1457
705 1458
706 1451
706 1452
706 1457
706 1458
707 1452
707 1453
707 1458
707 1459
708 1453
708 1454
708 1459
708 1460
709 1453
709 1454
709 1455
709 1459
709 1460
709 1461
710 1454
710 1455
710 1456
710 1460
710 1461
710 1462
711 1455
711 1456
711 1457
711 1461
711 1462
711 1463
712 1456
712 1457
712 1458
712 1462
712 1463
712 1464
713 1457
713 1458
713 1459
713 1463
713 1464
714 1458
714 1459
714 1464
714 1465
715 1459
715 1460
715 1465
715 1466
716 1460
716 1461
716 1465
716 1466
716 1467
717 1460
717 1461
717 1462
717 1466
717 1467
717 1468
718 1461
718 1462
718 1463
718 1467
718 1468
718 1469
719 1462
719 1463
719 1464
719 1468
719 1469
719 1470
720 1463
720 1464
720 1465
720 1469
720 1470
720 1471
721 1464
721 1465
721 1470
721 1471
722 1465
722 1466
722 1471
722 1472
723 1466
723 1467
723 1472
723 1473
724 1466
724 1467
724 1468
724 1472
724 1473
724 1474
725 1467
725 1468
725 1469
725 1473
725 1474
725 1475
726 1468
726 1469
726 1470
726 1474
726 1475
726 1476
727 1469
727 1470
727 1471
727 1475
727 1476
727 1477
728 1470
728 1471
728 1476
728 1477
728 1478
729 1471
729 1472
729 1477
729 1478
729 1479
730 1471
730 1472
730 1473
730 1478
730 1479
731 1472
731 1473
731 1474
731 1479
731 1480
732 1473
732 1474
732 1475
732 1479
732 1480
732 1481
733 1474
733 1475
733 1476
733 1480
733 1481
733 1482
734 1475
734 1476
734 1477
734 1481
734 1482
734 1483
735 1476
735 1477
735 1482
735 1483
735 1484
736 1477
736 1478
736 1483
736 1484
736 1485
737 1477
737 1478
737 1479
737 1484
737 1485
737 1486
738 1478
738 1479
738 1480
738 1485
738 1486
738 1487
739 1479
739 1480
739 1481
739 1486
739 1487
739 1488
740 1480
740 1481
740 1482
740 1487
740 1488
740 1489
741 1481
741 1482
741 1483
741 1488
741 1489
741 1490
742 1482
742 1483
742 1489
742 1490
742 1491
743 1482
743 1483
743 1484
743 1489
743 1490
743 1491
743 1492
744 1483
744 1484
744 1485
744 1490
744 1491
744 1492
744 1493
745 1484
745 1485
745 1486
745 1491
745 1492
745 1493
745 1494
746 1485
746 1486
746 1487
746 1492
746 1493
746 1494
746 1495
747 1486
747 1487
747 1488
747 1493
747 1494
747 1495
747 1496
748 1487
748 1488
748 1489
748 1494
748 1495
748 1496
748 1497
749 1488
749 1489
749 1490
749 1495
749 1496
749 1497
749 1498
750 1488
750 1489
750 1490
750 1491
750 1496
750 1497
750 1498
750 1499
751 1489
751 1490
751 1491
751 1492
751 1497
751 1498
751 1499
751 1500
752 1490
752 1491
752 1492
752 1498
752 1499
752 1500
752 1501
753 1491
753 1492
753 1493
753 1499
753 1500
753 1501
753 1502
754 1492
754 1493
754 1494
754 1500
754 1501
754 1502
754 1503
755 1493
755 1494
755 1495
755 1501
755 1502
755 1503
755 1504
755 1505
756 1494
756 1495
756 1496
756 1502
756 1503
756 1504
756 1505
756 1506
757 1494
757 1495
757 1496
757 1497
757 1503
757 1504
757 1505
757 1506
757 1507
758 1495
758 1496
758 1497
758 1498
758 1504
758 1505
758 1506
758 1507
758 1508
759 1496
759 1497
759 1498
759 1499
759 1505
759 1506
759 1507
759 1508
759 1509
760 1497
760 1498
760 1499
760 1500
760 1506
760 1507
760 1508
760 1509
760 1510
761 1498
761 1499
761 1500
761 1501
761 1507
761 1508
761 1509
761 1510
761 1511
762 1499
762 1500
762 1501
762 1502
762 1508
762 1509
762 1510
762 1511
762 1512
763 1500
763 1501
763 1502
763 1503
763 1509
763 1510
763 1511
763 1512
763 1513
764 1501
764 1502
764 1503
764 1504
764 1510
764 1511
764 1512
764 1513
764 1514
765 1502
765 1503
765 1504
765 1505
765 1511
765 1512
765 1513
765 1514
765 1515
766 1503
766 1504
766 1505
766 1506
766 1512
766 1513
766 1514
766 1515
766 1516
767 1503
767 1504
767 1505
767 1506
767 1507
767 1513
767 1514
767 1515
767 1516
767 1517
768 1504
768 1505
768 1506
768 1507
768 1508
768 1514
768 1515
768 1516
768 1517
768 1518
769 1505
769 1506
769 1507
769 1508
769 1509
769 1515
769 1516
769 1517
769 1518
769 1519
770 1506
770 1507
770 1508
770 1509
770 1510
770 1516
770 1517
770 1518
770 1519
770 1520
771 1507
771 1508
771 1509
771 1510
771 1511
771 1517
771 1518
771 1519
771 1520
771 1521
771 1522
772 1508
772 1509
772 1510
772 1511
772 1518
772 1519
772 1520
772 1521
772 1522
772 1523
773 1509
773 1510
773 1511
773 1512
773 1519
773 1520
773 1521
773 1522
773 1523
773 1524
773 1525
774 1510
774 1511
774 1512
774 1513
774 1520
774 1521
774 1522
774 1523
774 1524
774 1525
774 1526
775 1510
775 1511
775 1512
775 1513
775 1514
775 1521
775 1522
775 1523
775 1524
775 1525
775 1526
775 1527
775 1528
776 1511
776 1512
776 1513
776 1514
776 1515
776 1522
776 1523
776 1524
776 1525
776 1526
776 1527
776 1528
776 1529
776 1530
777 1512
777 1513
777 1514
777 1515
777 1516
777 1523
777 1524
777 1525
777 1526
777 1527
777 1528
777 1529
777 1530
777 1531
777 1532
778 1512
778 1513
778 1514
778 1515
778 1516
778 1517
778 1524
778 1525
778 1526
778 1527
778 1528
778 1529
778 1530
778 1531
778 1532
778 1533
778 1534
778 1535
779 1513
779 1514
779 1515
779 1516
779 1517
779 1525
779 1526
779 1527
779 1528
779 1529
779 1530
779 1531
779 1532
779 1533
779 1534
779 1535
779 1536
779 1537
780 1514
780 1515
780 1516
780 1517
780 1518
780 1526
780 1527
780 1528
780 1529
780 1530
780 1531
780 1532
780 1533
780 1534
780 1535
780 1536
780 1537
780 1538
780 1539
781 1514
781 1515
781 1516
781 1517
781 1518
781 1519
781 1528
781 1529
781 1530
781 1531
781 1532
781 1533
781 1534
781 1535
781 1536
781 1537
781 1538
781 1539
781 1540
781 1541
781 1542
782 1515
782 1516
782 1517
782 1518
782 1519
782 1520
782 1530
782 1531
782 1532
782 1533
782 1534
782 1535
782 1536
782 1537
782 1538
782 1539
782 1540
782 1541
782 1542
782 1543
782 1544
783 1516
783 1517
783 1518
783 1519
783 1520
783 1521
783 1531
783 1532
783 1533
783 1534
783 1535
783 1536
783 1537
783 1538
783 1539
783 1540
783 1541
783 1542
783 1543
783 1544
783 1545
783 1546
784 1517
784 1518
784 1519
784 1520
784 1521
784 1522
784 1533
784 1534
784 1535
784 1536
784 1537
784 1538
784 1539
784 1540
784 1541
784 1542
784 1543
784 1544
784 1545
784 1546
784 1547
784 1548
785 1517
785 1518
785 1519
785 1520
785 1521
785 1522
785 1523
785 1535
785 1536
785 1537
785 1538
785 1539
785 1540
785 1541
785 1542
785 1543
785 1544
785 1545
785 1546
785 1547
785 1548
785 1549
785 1550
786 1518
786 1519
786 1520
786 1521
786 1522
786 1523
786 1524
786 1538
786 1539
786 1540
786 1541
786 1542
786 1543
786 1544
786 1545
786 1546
786 1547
786 1548
786 1549
786 1550
786 1551
787 1519
787 1520
787 1521
787 1522
787 1523
787 1524
787 1540
787 1541
787 1542
787 1543
787 1544
787 1545
787 1546
787 1547
787 1548
787 1549
787 1550
787 1551
787 1552
787 1553
788 1519
788 1520
788 1521
788 1522
788 1523
788 1524
788 1525
788 1542
788 1543
788 1544
788 1545
788 1546
788 1547
788 1548
788 1549
788 1550
788 1551
788 1552
788 1553
788 1554
789 1520
789 1521
789 1522
789 1523
789 1524
789 1525
789 1526
789 1544
789 1545
789 1546
789 1547
789 1548
789 1549
789 1550
789 1551
789 1552
789 1553
789 1554
789 1555
790 1521
790 1522
790 1523
790 1524
790 1525
790 1526
790 1527
790 1546
790 1547
790 1548
790 1549
790 1550
790 1551
790 1552
790 1553
790 1554
790 1555
790 1556
791 1521
791 1522
791 1523
791 1524
791 1525
791 1526
791 1527
791 1528
791 1547
791 1548
791 1549
791 1550
791 1551
791 1552
791 1553
791 1554
791 1555
791 1556
791 1557
792 1522
792 1523
792 1524
792 1525
792 1526
792 1527
792 1528
792 1529
792 1549
792 1550
792 1551
792 1552
792 1553
792 1554
792 1555
792 1556
792 1557
792 1558
793 1523
793 1524
793 1525
793 1526
793 1527
793 1528
793 1529
793 1530
793 1531
793 1551
793 1552
793 1553
793 1554
793 1555
793 1556
793 1557
793 1558
793 2574
793 2575
793 2576
794 1523
794 1524
794 1525
794 1526
794 1527
794 1528
794 1529
794 1530
794 1531
794 1532
794 1552
794 1553
794 1554
794 1555
794 1556
794 1557
794 1558
794 1559
794 2574
794 2575
794 2576
794 2577
795 1524
795 1525
795 1526
795 1527
795 1528
795 1529
795 1530
795 1531
795 1532
795 1533
795 1553
795 1554
795 1555
795 1556
795 1557
795 1558
795 1559
795 1560
795 2573
795 2574
795 2575
795 2576
795 2577
795 2578
796 1525
796 1526
796 1527
796 1528
796 1529
796 1530
796 1531
796 1532
796 1533
796 1534
796 1535
796 1554
796 1555
796 1556
796 1557
796 1558
796 1559
796 1560
796 2573
796 2574
796 2575
796 2576
796 2577
796 2578
797 1526
797 1527
797 1528
797 1529
797 1530
797 1531
797 1532
797 1533
797 1534
797 1535
797 1536
797 1555
797 1556
797 1557
797 1558
797 1559
797 1560
797 1561
797 2573
797 2574
797 2575
797 2576
797 2577
797 2578
797 2579
798 1526
798 1527
798 1528
798 1529
798 1530
798 1531
798 1532
798 1533
798 1534
798 1535
798 1536
798 1537
798 1538
798 1556
798 1557
798 1558
798 1559
798 1560
798 1561
798 2573
798 2574
798 2575
798 2576
798 2577
798 2578
798 2579
799 1527
799 1528
799 1529
799 1530
799 1531
799 1532
799 1533
799 1534
799 1535
799 1536
799 1537
799 1538
799 1539
799 1556
799 1557
799 1558
799 1559
799 1560
799 1561
799 1562
799 2573
799 2574
799 2575
799 2576
799 2577
799 2578
799 2579
799 2580
800 1528
800 1529
800 1530
800 1531
800 1532
800 1533
800 1534
800 1535
800 1536
800 1537
800 1538
800 1539
800 1540
800 1541
800 1557
800 1558
800 1559
800 1560
800 1561
800 1562
800 2573
800 2574
800 2575
800 2576
800 2577
800 2578
800 2579
800 2580
801 1529
801 1530
801 1531
801 1532
801 1533
801 1534
801 1535
801 1536
801 1537
801 1538
801 1539
801 1540
801 1541
801 1542
801 1543
801 1557
801 1558
801 1559
801 1560
801 1561
801 1562
801 1563
801 2573
801 2574
801 2575
801 2576
801 2577
801 2578
801 2579
801 2580
802 1530
802 1531
802 1532
802 1533
802 1534
802 1535
802 1536
802 1537
802 1538
802 1539
802 1540
802 1541
802 1542
802 1543
802 1544
802 1545
802 1558
802 1559
802 1560
802 1561
802 1562
802 1563
802 2573
802 2574
802 2575
802 2576
802 2577
802 2578
802 2579
802 2580
802 2581
803 1532
803 1533
803 1534
803 1535
803 1536
803 1537
803 1538
803 1539
803 1540
803 1541
803 1542
803 1543
803 1544
803 1545
803 1546
803 1547
803 1558
803 1559
803 1560
803 1561
803 1562
803 1563
803 1564
803 2573
803 2574
803 2575
803 2576
803 2577
803 2578
803 2579
803 2580
803 2581
804 1533
804 1534
804 1535
804 1536
804 1537
804 1538
804 1539
804 1540
804 1541
804 1542
804 1543
804 1544
804 1545
804 1546
804 1547
804 1548
804 1549
804 1558
804 1559
804 1560
804 1561
804 1562
804 1563
804 1564
804 2573
804 2574
804 2575
804 2576
804 2579
804 2580
804 2581
805 1535
805 1536
805 1537
805 1538
805 1539
805 1540
805 1541
805 1542
805 1543
805 1544
805 1545
805 1546
805 1547
805 1548
805 1549
805 1550
805 1551
805 1557
805 1558
805 1559
805 1560
805 1561
805 1562
805 1563
805 1564
805 2574
805 2575
805 2576
805 2579
805 2580
805 2581
805 2582
806 1536
806 1537
806 1538
806 1539
806 1540
806 1541
806 1542
806 1543
806 1544
806 1545
806 1546
806 1547
806 1548
806 1549
806 1550
806 1551
806 1552
806 1553
806 1554
806 1555
806 1556
806 1557
806 1558
806 1559
806 1560
806 1561
806 1562
806 1563
806 1564
806 2574
806 2575
806 2576
806 2580
806 2581
806 2582
807 1538
807 1539
807 1540
807 1541
807 1542
807 1543
807 1544
807 1545
807 1546
807 1547
807 1548
807 1549
807 1550
807 1551
807 1552
807 1553
807 1554
807 1555
807 1556
807 1557
807 1558
807 1559
807 1560
807 1561
807 1562
807 1563
807 1564
807 2574
807 2575
807 2576
807 2580
807 2581
807 2582
808 1540
808 1541
808 1542
808 1543
808 1544
808 1545
808 1546
808 1547
808 1548
808 1549
808 1550
808 1551
808 1552
808 1553
808 1554
808 1555
808 1556
808 1557
808 1558
808 1559
808 1560
808 1561
808 1562
808 1563
808 1564
808 1565
808 2574
808 2575
808 2576
808 2581
808 2582
808 2583
809 1542
809 1543
809 1544
809 1545
809 1546
809 1547
809 1548
809 1549
809 1550
809 1551
809 1552
809 1553
809 1554
809 1555
809 1556
809 1557
809 1558
809 1559
809 1560
809 1561
809 1562
809 1563
809 1564
809 1565
809 2575
809 2576
809 2577
809 2581
809 2582
809 2583
810 1545
810 1546
810 1547
810 1548
810 1549
810 1550
810 1551
810 1552
810 1553
810 1554
810 1555
810 1556
810 1557
810 1558
810 1559
810 1560
810 1561
810 1562
810 1563
810 1564
810 2575
810 2576
810 2577
810 2581
810 2582
810 2583
811 1548
811 1549
811 1550
811 1551
811 1552
811 1553
811 1554
811 1555
811 1556
811 1557
811 1558
811 1559
811 1560
811 1561
811 1562
811 1563
811 1564
811 2575
811 2576
811 2577
811 2582
811 2583
811 2584
812 1551
812 1552
812 1553
812 1554
812 1555
812 1556
812 1557
812 1558
812 1559
812 1560
812 1561
812 1562
812 1563
812 1564
812 2576
812 2577
812 2582
812 2583
812 2584
813 1554
813 1555
813 1556
813 1557
813 1558
813 1559
813 1560
813 1561
813 1562
813 1563
813 2576
813 2577
813 2578
813 2583
813 2584
814 1558
814 1559
814 1560
814 2576
814 2577
814 2578
814 2583
814 2584
814 2585
815 2577
815 2578
815 2579
815 2583
815 2584
815 2585
816 2577
816 2578
816 2579
816 2584
816 2585
816 2586
817 2578
817 2579
817 2580
817 2584
817 2585
817 2586
818 2578
818 2579
818 2580
818 2585
818 2586
818 2587
819 2579
819 2580
819 2581
819 2585
819 2586
819 2587
820 2579
820 2580
820 2581
820 2586
820 2587
820 2588
821 2580
821 2581
821 2582
821 2586
821 2587
821 2588
822 2581
822 2582
822 2583
822 2587
822 2588
822 2589
823 2581
823 2582
823 2583
823 2587
823 2588
823 2589
824 2582
824 2583
824 2584
824 2588
824 2589
824 2590
825 2582
825 2583
825 2584
825 2589
825 2590
826 2583
826 2584
826 2585
826 2589
826 2590
826 2591
827 2584
827 2585
827 2590
827 2591
827 2592
828 2584
828 2585
828 2586
828 2590
828 2591
828 2592
829 2585
829 2586
829 2587
829 2591
829 2592
829 2593
830 2586
830 2587
830 2592
830 2593
830 2594
831 2586
831 2587
831 2588
831 2592
831 2593
831 2594
832 2587
832 2588
832 2589
832 2593
832 2594
832 2595
833 2588
833 2589
833 2594
833 2595
833 2596
834 2588
834 2589
834 2590
834 2595
834 2596
835 2589
835 2590
835 2591
835 2595
835 2596
835 2597
836 2590
836 2591
836 2592
836 2596
836 2597
836 2598
837 2591
837 2592
837 2597
837 2598
838 2591
838 2592
838 2593
838 2597
838 2598
838 2599
839 2592
839 2593
839 2594
839 2598
839 2599
839 2600
840 2593
840 2594
840 2599
840 2600
840 2601
841 2593
841 2594
841 2595
841 2600
841 2601
842 2594
842 2595
842 2596
842 2600
842 2601
842 2602
843 2595
843 2596
843 2597
843 2601
843 2602
843 2603
844 2596
844 2597
844 2602
844 2603
844 2604
845 2596
845 2597
845 2598
845 2603
845 2604
846 2597
846 2598
846 2599
846 2603
846 2604
846 2605
847 2598
847 2599
847 2600
847 2604
847 2605
847 2606
848 2599
848 2600
848 2605
848 2606
848 2607
849 2599
849 2600
849 2601
849 2606
849 2607
850 2600
850 2601
850 2602
850 2606
850 2607
850 2608
851 2601
851 2602
851 2603
851 2607
851 2608
851 2609
852 2602
852 2603
852 2608
852 2609
852 2610
853 2602
853 2603
853 2604
853 2609
853 2610
853 2611
854 2603
854 2604
854 2605
854 2609
854 2610
854 2611
854 2612
855 2604
855 2605
855 2606
855 2610
855 2611
855 2612
856 2604
856 2605
856 2606
856 2611
856 2612
856 2613
857 2605
857 2606
857 2607
857 2612
857 2613
857 2614
858 2606
858 2607
858 2608
858 2613
858 2614
858 2615
859 2607
859 2608
859 2609
859 2614
859 2615
859 2616
860 2607
860 2608
860 2609
860 2614
860 2615
860 2616
860 2617
861 2608
861 2609
861 2610
861 2615
861 2616
861 2617
862 2609
862 2610
862 2611
862 2616
862 2617
862 2618
863 2610
863 2611
863 2612
863 2617
863 2618
863 2619
864 2610
864 2611
864 2612
864 2617
864 2618
864 2619
864 2620
865 2611
865 2612
865 2613
865 2618
865 2619
865 2620
866 2612
866 2613
866 2614
866 2619
866 2620
866 2621
867 2612
867 2613
867 2614
867 2615
867 2620
867 2621
867 2622
868 2613
868 2614
868 2615
868 2620
868 2621
868 2622
868 2623
869 2614
869 2615
869 2616
869 2621
869 2622
869 2623
870 2614
870 2615
870 2616
870 2622
870 2623
870 2624
871 2615
871 2616
871 2617
871 2622
871 2623
871 2624
872 2615
872 2616
872 2617
872 2618
872 2623
872 2624
872 2625
873 2616
873 2617
873 2618
873 2623
873 2624
873 2625
873 2626
874 2617
874 2618
874 2619
874 2624
874 2625
874 2626
875 2617
875 2618
875 2619
875 2624
875 2625
875 2626
875 2627
876 2618
876 2619
876 2620
876 2625
876 2626
876 2627
877 2618
877 2619
877 2620
877 2625
877 2626
877 2627
877 2628
878 2618
878 2619
878 2620
878 2621
878 2626
878 2627
878 2628
879 2619
879 2620
879 2621
879 2626
879 2627
879 2628
879 2629
880 2619
880 2620
880 2621
880 2622
880 2627
880 2628
880 2629
881 2620
881 2621
881 2622
881 2627
881 2628
881 2629
881 2630
882 2620
882 2621
882 2622
882 2623
882 2628
882 2629
882 2630
883 2621
883 2622
883 2623
883 2628
883 2629
883 2630
884 2621
884 2622
884 2623
884 2624
884 2629
884 2630
884 2631
885 2622
885 2623
885 2624
885 2629
885 2630
885 2631
886 2622
886 2623
886 2624
886 2630
886 2631
886 2632
887 2623
887 2624
887 2625
887 2630
887 2631
887 2632
888 2623
888 2624
888 2625
888 2630
888 2631
888 2632
888 2633
889 2623
889 2624
889 2625
889 2626
889 2631
889 2632
889 2633
890 2624
890 2625
890 2626
890 2631
890 2632
890 2633
891 2624
891 2625
891 2626
891 2632
891 2633
891 2634
892 2625
892 2626
892 2627
892 2632
892 2633
892 2634
893 2625
893 2626
893 2627
893 2632
893 2633
893 2634
894 2625
894 2626
894 2627
894 2628
894 2633
894 2634
894 2635
895 2626
895 2627
895 2628
895 2633
895 2634
895 2635
896 2626
896 2627
896 2628
896 2633
896 2634
896 2635
897 2626
897 2627
897 2628
897 2629
897 2633
897 2634
897 2635
897 2636
898 2627
898 2628
898 2629
898 2630
898 2633
898 2634
898 2635
898 2636
899 2627
899 2628
899 2629
899 2630
899 2633
899 2634
899 2635
899 2636
900 2628
900 2629
900 2630
900 2631
900 2632
900 2633
900 2634
900 2635
900 2636
901 2628
901 2629
901 2630
901 2631
901 2632
901 2633
901 2634
901 2635
901 2636
902 2629
902 2630
902 2631
902 2632
902 2633
902 2634
902 2635
902 2636
903 2629
903 2630
903 2631
903 2632
903 2633
903 2634
903 2635
903 2636
904 2630
904 2631
904 2632
904 2633
904 2634
904 2635
904 2636
905 2630
905 2631
905 2632
905 2633
905 2634
905 2635
905 2636
906 2631
906 2632
906 2633
906 2634
906 2635
906 2636
907 2632
907 2633
907 2634
907 2635
908 2633
908 2634
1540 2575
1540 2576
1541 2575
1541 2576
1541 2577
1542 2574
1542 2575
1542 2576
1542 2577
1543 2574
1543 2575
1543 2576
1543 2577
1543 2578
1544 2573
1544 2574
1544 2575
1544 2576
1544 2577
1544 2578
1545 2573
1545 2574
1545 2575
1545 2576
1545 2577
1545 2578
1546 2573
1546 2574
1546 2575
1546 2576
1546 2577
1546 2578
1547 2573
1547 2574
1547 2575
1547 2576
1547 2577
1547 2578
1547 2579
1548 2573
1548 2574
1548 2575
1548 2576
1548 2577
1548 2578
1548 2579
1549 2572
1549 2573
1549 2574
1549 2575
1549 2576
1549 2577
1549 2578
1549 2579
1550 2572
1550 2573
1550 2574
1550 2575
1550 2576
1550 2577
1550 2578
1550 2579
1551 2572
1551 2573
1551 2574
1551 2575
1551 2576
1551 2577
1551 2578
1551 2579
1552 2572
1552 2573
1552 2574
1552 2575
1552 2576
1552 2577
1552 2578
1552 2579
1552 2580
1553 2572
1553 2573
1553 2574
1553 2575
1553 2577
1553 2578
1553 2579
1553 2580
1554 2572
1554 2573
1554 2574
1554 2577
1554 2578
1554 2579
1554 2580
1555 2572
1555 2573
1555 2574
1555 2578
1555 2579
1555 2580
1556 2572
1556 2573
1556 2574
1556 2578
1556 2579
1556 2580
1557 2572
1557 2573
1557 2574
1557 2578
1557 2579
1557 2580
1558 2572
1558 2573
1558 2574
1558 2578
1558 2579
1558 2580
1559 2572
1559 2573
1559 2574
1559 2578
1559 2579
1559 2580
1560 2572
1560 2573
1560 2574
1560 2578
1560 2579
1560 2580
1561 2572
1561 2573
1561 2574
1561 2578
1561 2579
1561 2580
1562 2572
1562 2573
1562 2574
1562 2575
1562 2577
1562 2578
1562 2579
1562 2580
1563 2572
1563 2573
1563 2574
1563 2575
1563 2576
1563 2577
1563 2578
1563 2579
1563 2580
1564 2573
1564 2574
1564 2575
1564 2576
1564 2577
1564 2578
1564 2579
1564 2580
1565 2573
1565 2574
1565 2575
1565 2576
1565 2577
1565 2578
1565 2579
1566 2574
1566 2575
1566 2576
1566 2577
1566 2578
1566 2579
1567 2575
1567 2576
1567 2577
1567 2578
2306 2356
2306 2357
2306 2358
2306 2359
2306 2360
2306 2361
2306 2362
2306 2363
2306 2364
2306 2365
2306 2366
2306 2367
2306 2368
2306 2369
2306 2370
2306 2371
2306 2372
2306 2373
2306 2374
2306 2375
2306 2376
2306 2377
2306 2378
2306 2379
2306 2380
2306 2381
2306 2382
2306 2383
2306 2384
2306 2385
2306 2386
2306 2387
2306 2388
2306 2389
2306 2390
2306 2391
2306 2392
2306 2393
2306 2394
2306 2395
2306 2396
2306 2397
2306 2398
2306 2399
2307 2357
2307 2358
2307 2359
2307 2360
2307 2361
2307 2362
2307 2363
2307 2364
2307 2365
2307 2366
2307 2367
2307 2368
2307 2369
2307 2370
2307 2371
2307 2372
2307 2373
2307 2374
2307 2375
2307 2376
2307 2377
2307 2378
2307 2379
2307 2380
2307 2381
2307 2382
2307 2383
2307 2384
2307 2385
2307 2386
2307 2387
2307 2388
2307 2389
2307 2390
2307 2391
2307 2392
2307 2393
2307 2394
2307 2395
2307 2396
2307 2397
2307 2398
2307 2399
2307 2400
2307 2401
2307 2402
2308 2358
2308 2359
2308 2360
2308 2361
2308 2362
2308 2363
2308 2364
2308 2365
2308 2366
2308 2367
2308 2368
2308 2369
2308 2370
2308 2371
2308 2372
2308 2373
2308 2374
2308 2375
2308 2376
2308 2377
2308 2378
2308 2379
2308 2380
2308 2381
2308 2382
2308 2383
2308 2384
2308 2385
2308 2386
2308 2387
2308 2388
2308 2389
2308 2390
2308 2391
2308 2392
2308 2393
2308 2394
2308 2395
2308 2396
2308 2397
2308 2398
2308 2399
2308 2400
2308 2401
2308 2402
2308 2403
2308 2404
2309 2359
2309 2360
2309 2361
2309 2362
2309 2363
2309 2364
2309 2365
2309 2366
2309 2367
2309 2368
2309 2369
2309 2370
2309 2371
2309 2372
2309 2373
2309 2374
2309 2375
2309 2376
2309 2377
2309 2378
2309 2379
2309 2380
2309 2381
2309 2382
2309 2383
2309 2384
2309 2385
2309 2386
2309 2387
2309 2388
2309 2389
2309 2390
2309 2391
2309 2392
2309 2393
2309 2394
2309 2395
2309 2396
2309 2397
2309 2398
2309 2399
2309 2400
2309 2401
2309 2402
2309 2403
2309 2404
2309 2405
2309 2406
2310 2360
2310 2361
2310 2362
2310 2363
2310 2364
2310 2365
2310 2366
2310 2367
2310 2368
2310 2369
2310 2370
2310 2371
2310 2372
2310 2373
2310 2374
2310 2375
2310 2376
2310 2377
2310 2378
2310 2379
2310 2380
2310 2381
2310 2382
2310 2383
2310 2384
2310 2385
2310 2386
2310 2387
2310 2388
2310 2389
2310 2390
2310 2391
2310 2392
2310 2393
2310 2394
2310 2395
2310 2396
2310 2397
2310 2398
2310 2399
2310 2400
2310 2401
2310 2402
2310 2403
2310 2404
2310 2405
2310 2406
2310 2407
2311 2361
2311 2362
2311 2363
2311 2364
2311 2365
2311 2366
2311 2367
2311 2368
2311 2369
2311 2370
2311 2371
2311 2372
2311 2373
2311 2374
2311 2375
2311 2376
2311 2377
2311 2378
2311 2379
2311 2380
2311 2381
2311 2382
2311 2383
2311 2384
2311 2385
2311 2386
2311 2387
2311 2388
2311 2389
2311 2390
2311 2391
2311 2392
2311 2393
2311 2394
2311 2395
2311 2396
2311 2397
2311 2398
2311 2399
2311 2400
2311 2401
2311 2402
2311 2403
2311 2404
2311 2405
2311 2406
2311 2407
2311 2408
2312 2362
2312 2363
2312 2364
2312 2365
2312 2366
2312 2367
2312 2368
2312 2369
2312 2370
2312 2371
2312 2372
2312 2373
2312 2374
2312 2375
2312 2376
2312 2377
2312 2378
2312 2379
2312 2380
2312 2381
2312 2382
2312 2383
2312 2384
2312 2385
2312 2386
2312 2387
2312 2388
2312 2389
2312 2390
2312 2391
2312 2392
2312 2393
2312 2394
2312 2395
2312 2396
2312 2397
2312 2398
2312 2399
2312 2400
2312 2401
2312 2402
2312 2403
2312 2404
2312 2405
2312 2406
2312 2407
2312 2408
2312 2409
2313 2363
2313 2364
2313 2365
2313 2366
2313 2367
2313 2368
2313 2369
2313 2370
2313 2371
2313 2372
2313 2373
2313 2374
2313 2375
2313 2376
2313 2377
2313 2378
2313 2379
2313 2380
2313 2381
2313 2382
2313 2383
2313 2384
2313 2385
2313 2386
2313 2387
2313 2388
2313 2389
2313 2390
2313 2391
2313 2392
2313 2393
2313 2394
2313 2395
2313 2396
2313 2397
2313 2398
2313 2399
2313 2400
2313 2401
2313 2402
2313 2403
2313 2404
2313 2405
2313 2406
2313 2407
2313 2408
2313 2409
2313 2410
2314 2364
2314 2365
2314 2366
2314 2367
2314 2368
2314 2369
2314 2370
2314 2371
2314 2372
2314 2373
2314 2374
2314 2375
2314 2376
2314 2377
2314 2378
2314 2379
2314 2380
2314 2381
2314 2382
2314 2383
2314 2384
2314 2385
2314 2386
2314 2387
2314 2388
2314 2389
2314 2390
2314 2391
2314 2392
2314 2393
2314 2394
2314 2395
2314 2396
2314 2397
2314 2398
2314 2399
2314 2400
2314 2401
2314 2402
2314 2403
2314 2404
2314 2405
2314 2406
2314 2407
2314 2408
2314 2409
2314 2410
2314 2411
2315 2365
2315 2366
2315 2367
2315 2368
2315 2369
2315 2370
2315 2371
2315 2372
2315 2373
2315 2374
2315 2375
2315 2376
2315 2377
2315 2378
2315 2379
2315 2380
2315 2381
2315 2382
2315 2383
2315 2384
2315 2385
2315 2386
2315 2387
2315 2388
2315 2389
2315 2390
2315 2391
2315 2392
2315 2393
2315 2394
2315 2395
2315 2396
2315 2397
2315 2398
2315 2399
2315 2400
2315 2401
2315 2402
2315 2403
2315 2404
2315 2405
2315 2406
2315 2407
2315 2408
2315 2409
2315 2410
2315 2411
2316 2399
2316 2400
2316 2401
2316 2402
2316 2403
2316 2404
2316 2405
2316 2406
2316 2407
2316 2408
2316 2409
2316 2410
2316 2411
2316 2412
2317 2402
2317 2403
2317 2404
2317 2405
2317 2406
2317 2407
2317 2408
2317 2409
2317 2410
2317 2411
2317 2412
2317 2413
2318 2404
2318 2405
2318 2406
2318 2407
2318 2408
2318 2409
2318 2410
2318 2411
2318 2412
2318 2413
2319 2405
2319 2406
2319 2407
2319 2408
2319 2409
2319 2410
2319 2411
2319 2412
2319 2413
2319 2414
2320 2406
2320 2407
2320 2408
2320 2409
2320 2410
2320 2411
2320 2412
2320 2413
2320 2414
2320 2415
2321 2407
2321 2408
2321 2409
2321 2410
2321 2411
2321 2412
2321 2413
2321 2414
2321 2415
2322 2408
2322 2409
2322 2410
2322 2411
2322 2412
2322 2413
2322 2414
2322 2415
2322 2416
2323 2409
2323 2410
2323 2411
2323 2412
2323 2413
2323 2414
2323 2415
2323 2416
2324 2409
2324 2410
2324 2411
2324 2412
2324 2413
2324 2414
2324 2415
2324 2416
2325 2409
2325 2410
2325 2411
2325 2412
2325 2413
2325 2414
2325 2415
2325 2416
2326 2409
2326 2410
2326 2411
2326 2412
2326 2413
2326 2414
2326 2415
2326 2416
2327 2409
2327 2410
2327 2411
2327 2412
2327 2413
2327 2414
2327 2415
2327 2416
2328 2409
2328 2410
2328 2411
2328 2412
2328 2413
2328 2414
2328 2415
2328 2416
2329 2409
2329 2410
2329 2411
2329 2412
2329 2413
2329 2414
2329 2415
2329 2416
2330 2409
2330 2410
2330 2411
2330 2412
2330 2413
2330 2414
2330 2415
2330 2416
2331 2409
2331 2410
2331 2411
2331 2412
2331 2413
2331 2414
2331 2415
2331 2416
2332 2409
2332 2410
2332 2411
2332 2412
2332 2413
2332 2414
2332 2415
2332 2416
2333 2409
2333 2410
2333 2411
2333 2412
2333 2413
2333 2414
2333 2415
2333 2416
2334 2409
2334 2410
2334 2411
2334 2412
2334 2413
2334 2414
2334 2415
2334 2416
2335 2409
2335 2410
2335 2411
2335 2412
2335 2413
2335 2414
2335 2415
2335 2416
2336 2409
2336 2410
2336 2411
2336 2412
2336 2413
2336 2414
2336 2415
2336 2416
2337 2409
2337 2410
2337 2411
2337 2412
2337 2413
2337 2414
2337 2415
2337 2416
2338 2409
2338 2410
2338 2411
2338 2412
2338 2413
2338 2414
2338 2415
2338 2416
2339 2409
2339 2410
2339 2411
2339 2412
2339 2413
2339 2414
2339 2415
2339 2416
2340 2409
2340 2410
2340 2411
2340 2412
2340 2413
2340 2414
2340 2415
2340 2416
2341 2409
2341 2410
2341 2411
2341 2412
2341 2413
2341 2414
2341 2415
2341 2416
2342 2409
2342 2410
2342 2411
2342 2412
2342 2413
2342 2414
2342 2415
2342 2416
2343 2409
2343 2410
2343 2411
2343 2412
2343 2413
2343 2414
2343 2415
2343 2416
2344 2409
2344 2410
2344 2411
2344 2412
2344 2413
2344 2414
2344 2415
2344 2416
2345 2409
2345 2410
2345 2411
2345 2412
2345 2413
2345 2414
2345 2415
2345 2416
2346 2409
2346 2410
2346 2411
2346 2412
2346 2413
2346 2414
2346 2415
2346 2416
2347 2409
2347 2410
2347 2411
2347 2412
2347 2413
2347 2414
2347 2415
2347 2416
2348 2409
2348 2410
2348 2411
2348 2412
2348 2413
2348 2414
2348 2415
2348 2416
2349 2409
2349 2410
2349 2411
2349 2412
2349 2413
2349 2414
2349 2415
2349 2416
2350 2409
2350 2410
2350 2411
2350 2412
2350 2413
2350 2414
2350 2415
2350 2416
2351 2409
2351 2410
2351 2411
2351 2412
2351 2413
2351 2414
2351 2415
2351 2416
2352 2409
2352 2410
2352 2411
2352 2412
2352 2413
2352 2414
2352 2415
2352 2416
2353 2409
2353 2410
2353 2411
2353 2412
2353 2413
2353 2414
2353 2415
2353 2416
2354 2409
2354 2410
2354 2411
2354 2412
2354 2413
2354 2414
2354 2415
2354 2416
2355 2409
2355 2410
2355 2411
2355 2412
2355 2413
2355 2414
2355 2415
2355 2416
2356 2409
2356 2410
2356 2411
2356 2412
2356 2413
2356 2414
2356 2415
2356 2416
2357 2409
2357 2410
2357 2411
2357 2412
2357 2413
2357 2414
2357 2415
2357 2416
2358 2409
2358 2410
2358 2411
2358 2412
2358 2413
2358 2414
2358 2415
2358 2416
2359 2409
2359 2410
2359 2411
2359 2412
2359 2413
2359 2414
2359 2415
2359 2416
2360 2410
2360 2411
2360 2412
2360 2413
2360 2414
2360 2415
2360 2416
2361 2411
2361 2412
2361 2413
2361 2414
2361 2415
2361 2416
2362 2412
2362 2413
2362 2414
2362 2415
2362 2416
2363 2413
2363 2414
2363 2415
2363 2416
2364 2414
2364 2415
2364 2416
2365 2415
2365 2416
2366 2416
