0 4437
0 4438
0 4439
0 4440
0 4441
0 4442
0 4443
0 4444
0 4450
0 4451
0 4452
0 4453
0 4454
1 4439
1 4440
1 4441
1 4442
1 4443
1 4444
1 4445
1 4452
1 4453
1 4454
1 4455
2 4441
2 4442
2 4443
2 4444
2 4445
2 4446
2 4453
2 4454
2 4455
2 4456
3 4442
3 4443
3 4444
3 4445
3 4446
3 4447
3 4454
3 4455
3 4456
3 4457
4 4444
4 4445
4 4446
4 4447
4 4448
4 4449
4 4455
4 4456
4 4457
4 4458
5 4446
5 4447
5 4448
5 4449
5 4450
5 4457
5 4458
5 4459
6 4447
6 4448
6 4449
6 4450
6 4451
6 4458
6 4459
6 4460
7 4449
7 4450
7 4451
7 4452
7 4453
7 4459
7 4460
7 4461
7 4462
8 4450
8 4451
8 4452
8 4453
8 4454
8 4460
8 4461
8 4462
8 4463
9 4452
9 4453
9 4454
9 4455
9 4461
9 4462
9 4463
9 4464
10 4453
10 4454
10 4455
10 4456
10 4462
10 4463
10 4464
11 4454
11 4455
11 4456
11 4457
11 4463
11 4464
11 4465
12 4455
12 4456
12 4457
12 4458
12 4464
12 4465
12 4466
13 4457
13 4458
13 4459
13 4465
13 4466
13 4467
14 4458
14 4459
14 4460
14 4466
14 4467
14 4468
15 4459
15 4460
15 4461
15 4467
15 4468
15 4469
16 4460
16 4461
16 4462
16 4468
16 4469
16 4470
17 4461
17 4462
17 4463
17 4469
17 4470
17 4471
18 4462
18 4463
18 4464
18 4470
18 4471
18 4472
19 4463
19 4464
19 4465
19 4471
19 4472
19 4473
20 4464
20 4465
20 4466
20 4472
20 4473
20 4474
21 4465
21 4466
21 4467
21 4473
21 4474
21 4475
22 4466
22 4467
22 4468
22 4473
22 4474
22 4475
23 4467
23 4468
23 4469
23 4474
23 4475
23 4476
24 4468
24 4469
24 4470
24 4475
24 4476
24 4477
25 4469
25 4470
25 4471
25 4476
25 4477
25 4478
26 4470
26 4471
26 4472
26 4477
26 4478
26 4479
27 4471
27 4472
27 4473
27 4478
27 4479
27 4480
28 4472
28 4473
28 4474
28 4479
28 4480
28 4481
29 4473
29 4474
29 4475
29 4480
29 4481
29 4482
30 4474
30 4475
30 4476
30 4481
30 4482
30 4483
31 4475
31 4476
31 4477
31 4482
31 4483
32 4476
32 4477
32 4478
32 4482
32 4483
32 4484
33 4477
33 4478
33 4479
33 4483
33 4484
33 4485
34 4478
34 4479
34 4480
34 4484
34 4485
34 4486
35 4479
35 4480
35 4481
35 4485
35 4486
35 4487
36 4480
36 4481
36 4486
36 4487
36 4488
37 4481
37 4482
37 4487
37 4488
37 4489
38 4481
38 4482
38 4483
38 4488
38 4489
38 4490
39 4482
39 4483
39 4484
39 4489
39 4490
39 4491
40 4483
40 4484
40 4485
40 4490
40 4491
41 4484
41 4485
41 4486
41 4491
41 4492
42 4485
42 4486
42 4487
42 4492
42 4493
43 4486
43 4487
43 4488
43 4493
43 4494
44 4487
44 4488
44 4489
44 4494
44 4495
45 4488
45 4489
45 4490
45 4494
45 4495
45 4496
46 4489
46 4490
46 4491
46 4495
46 4496
46 4497
47 4490
47 4491
47 4492
47 4496
47 4497
47 4498
48 4491
48 4492
48 4493
48 4497
48 4498
48 4499
49 4492
49 4493
49 4494
49 4498
49 4499
49 4500
50 4493
50 4494
50 4499
50 4500
50 4501
51 4494
51 4495
51 4500
51 4501
52 4494
52 4495
52 4496
52 4501
52 4502
53 4495
53 4496
53 4497
53 4502
53 4503
54 4496
54 4497
54 4498
54 4502
54 4503
54 4504
55 4497
55 4498
55 4499
55 4503
55 4504
55 4505
56 4498
56 4499
56 4500
56 4504
56 4505
56 4506
57 4499
57 4500
57 4505
57 4506
58 4500
58 4501
58 4506
58 4507
59 4501
59 4502
59 4507
59 4508
60 4501
60 4502
60 4503
60 4507
60 4508
60 4509
61 4502
61 4503
61 4504
61 4508
61 4509
61 4510
62 4503
62 4504
62 4505
62 4509
62 4510
62 4511
63 4504
63 4505
63 4510
63 4511
64 4505
64 4506
64 4511
64 4512
65 4505
65 4506
65 4507
65 4511
65 4512
65 4513
66 4506
66 4507
66 4508
66 4512
66 4513
66 4514
67 4507
67 4508
67 4509
67 4513
67 4514
68 4508
68 4509
68 4514
68 4515
69 4509
69 4510
69 4514
69 4515
69 4516
70 4509
70 4510
70 4511
70 4515
70 4516
70 4517
71 4510
71 4511
71 4512
71 4516
71 4517
72 4511
72 4512
72 4517
72 4518
73 4511
73 4512
73 4513
73 4517
73 4518
73 4519
74 4512
74 4513
74 4514
74 4518
74 4519
75 4513
75 4514
75 4519
75 4520
76 4513
76 4514
76 4515
76 4519
76 4520
76 4521
77 4514
77 4515
77 4516
77 4520
77 4521
78 4515
78 4516
78 4521
78 4522
79 4515
79 4516
79 4517
79 4521
79 4522
79 4523
80 4516
80 4517
80 4522
80 4523
81 4517
81 4518
81 4522
81 4523
81 4524
82 4517
82 4518
82 4519
82 4523
82 4524
82 4525
83 4518
83 4519
83 4523
83 4524
83 4525
84 4518
84 4519
84 4520
84 4524
84 4525
84 4526
85 4519
85 4520
85 4525
85 4526
86 4519
86 4520
86 4521
86 4525
86 4526
86 4527
87 4520
87 4521
87 4526
87 4527
88 4520
88 4521
88 4522
88 4526
88 4527
88 4528
89 4521
89 4522
89 4527
89 4528
90 4521
90 4522
90 4523
90 4527
90 4528
90 4529
91 4522
91 4523
91 4527
91 4528
91 4529
92 4522
92 4523
92 4524
92 4528
92 4529
92 4530
93 4522
93 4523
93 4524
93 4528
93 4529
93 4530
94 4523
94 4524
94 4529
94 4530
95 4523
95 4524
95 4525
95 4529
95 4530
95 4531
96 4524
96 4525
96 4530
96 4531
97 4524
97 4525
97 4526
97 4530
97 4531
97 4532
98 4524
98 4525
98 4526
98 4530
98 4531
98 4532
99 4525
99 4526
99 4531
99 4532
100 4525
100 4526
100 4527
100 4531
100 4532
100 4533
101 4525
101 4526
101 4527
101 4531
101 4532
101 4533
102 4526
102 4527
102 4532
102 4533
103 4526
103 4527
103 4528
103 4532
103 4533
103 4534
104 4526
104 4527
104 4528
104 4532
104 4533
104 4534
105 4527
105 4528
105 4533
105 4534
106 4527
106 4528
106 4529
106 4533
106 4534
106 4535
107 4527
107 4528
107 4529
107 4533
107 4534
107 4535
108 4528
108 4529
108 4530
108 4533
108 4534
108 4535
109 1562
109 1563
109 1564
109 1565
109 1566
109 4528
109 4529
109 4530
109 4533
109 4534
109 4535
110 1561
110 1562
110 1563
110 1564
110 1565
110 1566
110 1567
110 4528
110 4529
110 4530
110 4531
110 4532
110 4533
110 4534
110 4535
111 1561
111 1562
111 1563
111 1564
111 1565
111 1566
111 1567
111 1568
111 4529
111 4530
111 4531
111 4532
111 4533
111 4534
111 4535
112 1560
112 1561
112 1562
112 1563
112 1564
112 1565
112 1566
112 1567
112 1568
112 1569
112 1570
112 4529
112 4530
112 4531
112 4532
112 4533
112 4534
112 4535
113 1560
113 1561
113 1562
113 1563
113 1564
113 1565
113 1566
113 1567
113 1568
113 1569
113 1570
113 1571
113 4529
113 4530
113 4531
113 4532
113 4533
113 4534
113 4535
114 1560
114 1561
114 1562
114 1563
114 1564
114 1565
114 1566
114 1567
114 1568
114 1569
114 1570
114 1571
114 4530
114 4531
114 4532
114 4533
114 4534
114 4535
115 1560
115 1561
115 1562
115 1563
115 1564
115 1565
115 1566
115 1567
115 1568
115 1569
115 1570
115 1571
115 1572
115 4530
115 4531
115 4532
115 4533
115 4534
115 4535
116 1560
116 1561
116 1562
116 1563
116 1564
116 1565
116 1566
116 1567
116 1568
116 1569
116 1570
116 1571
116 1572
116 1573
116 4531
116 4532
116 4533
116 4534
116 4535
117 1560
117 1561
117 1562
117 1563
117 1564
117 1565
117 1566
117 1567
117 1568
117 1569
117 1570
117 1571
117 1572
117 1573
117 1574
117 4531
117 4532
117 4533
117 4534
118 1561
118 1562
118 1563
118 1564
118 1565
118 1566
118 1567
118 1568
118 1569
118 1570
118 1571
118 1572
118 1573
118 1574
118 1575
118 4532
118 4533
119 1561
119 1562
119 1563
119 1564
119 1565
119 1566
119 1567
119 1568
119 1569
119 1570
119 1571
119 1572
119 1573
119 1574
119 1575
120 1561
120 1562
120 1563
120 1564
120 1565
120 1566
120 1567
120 1568
120 1569
120 1570
120 1571
120 1572
120 1573
120 1574
120 1575
120 1576
121 1562
121 1563
121 1564
121 1565
121 1566
121 1567
121 1568
121 1569
121 1570
121 1571
121 1572
121 1573
121 1574
121 1575
121 1576
121 1577
122 1562
122 1563
122 1564
122 1565
122 1566
122 1567
122 1568
122 1569
122 1570
122 1571
122 1572
122 1573
122 1574
122 1575
122 1576
122 1577
123 1563
123 1564
123 1565
123 1566
123 1567
123 1568
123 1569
123 1572
123 1573
123 1574
123 1575
123 1576
123 1577
123 1578
124 1563
124 1564
124 1565
124 1566
124 1567
124 1568
124 1569
124 1573
124 1574
124 1575
124 1576
124 1577
124 1578
124 1579
125 1564
125 1565
125 1566
125 1567
125 1568
125 1569
125 1570
125 1574
125 1575
125 1576
125 1577
125 1578
125 1579
125 1580
126 1565
126 1566
126 1567
126 1568
126 1569
126 1570
126 1575
126 1576
126 1577
126 1578
126 1579
126 1580
127 1565
127 1566
127 1567
127 1568
127 1569
127 1570
127 1571
127 1576
127 1577
127 1578
127 1579
127 1580
127 1581
128 1566
128 1567
128 1568
128 1569
128 1570
128 1571
128 1572
128 1577
128 1578
128 1579
128 1580
128 1581
128 1582
129 1567
129 1568
129 1569
129 1570
129 1571
129 1572
129 1578
129 1579
129 1580
129 1581
129 1582
130 1568
130 1569
130 1570
130 1571
130 1572
130 1573
130 1579
130 1580
130 1581
130 1582
130 1583
131 1569
131 1570
131 1571
131 1572
131 1573
131 1574
131 1580
131 1581
131 1582
131 1583
131 1584
132 1570
132 1571
132 1572
132 1573
132 1574
132 1575
132 1581
132 1582
132 1583
132 1584
132 1585
133 1571
133 1572
133 1573
133 1574
133 1575
133 1576
133 1582
133 1583
133 1584
133 1585
134 1572
134 1573
134 1574
134 1575
134 1576
134 1582
134 1583
134 1584
134 1585
134 1586
135 1573
135 1574
135 1575
135 1576
135 1577
135 1583
135 1584
135 1585
135 1586
135 1587
136 1574
136 1575
136 1576
136 1577
136 1578
136 1584
136 1585
136 1586
136 1587
136 1588
137 1575
137 1576
137 1577
137 1578
137 1579
137 1585
137 1586
137 1587
137 1588
137 1589
138 1576
138 1577
138 1578
138 1579
138 1580
138 1586
138 1587
138 1588
138 1589
139 1577
139 1578
139 1579
139 1580
139 1581
139 1587
139 1588
139 1589
139 1590
140 1578
140 1579
140 1580
140 1581
140 1582
140 1588
140 1589
140 1590
140 1591
141 1579
141 1580
141 1581
141 1582
141 1583
141 1589
141 1590
141 1591
141 1592
142 1580
142 1581
142 1582
142 1583
142 1584
142 1590
142 1591
142 1592
142 1593
143 1581
143 1582
143 1583
143 1584
143 1585
143 1591
143 1592
143 1593
144 1582
144 1583
144 1584
144 1585
144 1586
144 1592
144 1593
144 1594
145 1583
145 1584
145 1585
145 1586
145 1587
145 1592
145 1593
145 1594
145 1595
146 1585
146 1586
146 1587
146 1588
146 1593
146 1594
146 1595
146 1596
147 1586
147 1587
147 1588
147 1589
147 1594
147 1595
147 1596
147 1597
148 1587
148 1588
148 1589
148 1590
148 1595
148 1596
148 1597
148 1598
149 1588
149 1589
149 1590
149 1591
149 1596
149 1597
149 1598
149 1599
150 1589
150 1590
150 1591
150 1592
150 1597
150 1598
150 1599
150 1600
151 1590
151 1591
151 1592
151 1593
151 1598
151 1599
151 1600
151 1601
152 1591
152 1592
152 1593
152 1594
152 1599
152 1600
152 1601
152 1602
153 1592
153 1593
153 1594
153 1595
153 1600
153 1601
153 1602
154 1593
154 1594
154 1595
154 1596
154 1601
154 1602
154 1603
155 1594
155 1595
155 1596
155 1597
155 1602
155 1603
155 1604
156 1595
156 1596
156 1597
156 1598
156 1603
156 1604
156 1605
157 1596
157 1597
157 1598
157 1599
157 1604
157 1605
157 1606
158 1597
158 1598
158 1599
158 1605
158 1606
158 1607
159 1598
159 1599
159 1600
159 1606
159 1607
159 1608
160 1599
160 1600
160 1601
160 1606
160 1607
160 1608
160 1609
161 1600
161 1601
161 1602
161 1607
161 1608
161 1609
161 1610
162 1601
162 1602
162 1603
162 1608
162 1609
162 1610
162 1611
163 1602
163 1603
163 1604
163 1609
163 1610
163 1611
163 1612
164 1602
164 1603
164 1604
164 1605
164 1610
164 1611
164 1612
164 1613
165 1603
165 1604
165 1605
165 1606
165 1611
165 1612
165 1613
165 1614
166 1604
166 1605
166 1606
166 1607
166 1612
166 1613
166 1614
166 1615
167 1605
167 1606
167 1607
167 1608
167 1613
167 1614
167 1615
167 1616
168 1606
168 1607
168 1608
168 1609
168 1614
168 1615
168 1616
168 1617
169 1607
169 1608
169 1609
169 1610
169 1615
169 1616
169 1617
169 1618
170 1608
170 1609
170 1610
170 1611
170 1616
170 1617
170 1618
170 1619
171 1609
171 1610
171 1611
171 1612
171 1617
171 1618
171 1619
171 1620
172 1610
172 1611
172 1612
172 1613
172 1618
172 1619
172 1620
172 1621
173 1611
173 1612
173 1613
173 1614
173 1619
173 1620
173 1621
174 1612
174 1613
174 1614
174 1615
174 1620
174 1621
174 1622
175 1613
175 1614
175 1615
175 1621
175 1622
175 1623
176 1614
176 1615
176 1616
176 1622
176 1623
176 1624
177 1615
177 1616
177 1617
177 1622
177 1623
177 1624
177 1625
178 1615
178 1616
178 1617
178 1618
178 1623
178 1624
178 1625
178 1626
179 1616
179 1617
179 1618
179 1619
179 1624
179 1625
179 1626
180 1617
180 1618
180 1619
180 1620
180 1625
180 1626
180 1627
181 1618
181 1619
181 1620
181 1621
181 1626
181 1627
181 1628
182 1619
182 1620
182 1621
182 1626
182 1627
182 1628
182 1629
183 1620
183 1621
183 1622
183 1627
183 1628
183 1629
183 1630
184 1620
184 1621
184 1622
184 1623
184 1628
184 1629
184 1630
185 1621
185 1622
185 1623
185 1624
185 1629
185 1630
185 1631
186 1622
186 1623
186 1624
186 1629
186 1630
186 1631
186 1632
187 1623
187 1624
187 1625
187 1630
187 1631
187 1632
187 1633
188 1623
188 1624
188 1625
188 1626
188 1631
188 1632
188 1633
189 1624
189 1625
189 1626
189 1631
189 1632
189 1633
189 1634
190 1625
190 1626
190 1627
190 1632
190 1633
190 1634
191 1625
191 1626
191 1627
191 1628
191 1632
191 1633
191 1634
191 1635
192 1626
192 1627
192 1628
192 1633
192 1634
192 1635
192 1636
193 1626
193 1627
193 1628
193 1629
193 1634
193 1635
193 1636
194 1627
194 1628
194 1629
194 1634
194 1635
194 1636
194 1637
195 1627
195 1628
195 1629
195 1630
195 1635
195 1636
195 1637
195 1638
196 1628
196 1629
196 1630
196 1631
196 1636
196 1637
196 1638
197 1629
197 1630
197 1631
197 1636
197 1637
197 1638
197 1639
198 1629
198 1630
198 1631
198 1632
198 1637
198 1638
198 1639
199 1630
199 1631
199 1632
199 1637
199 1638
199 1639
199 1640
200 1630
200 1631
200 1632
200 1633
200 1638
200 1639
200 1640
201 1631
201 1632
201 1633
201 1638
201 1639
201 1640
201 1641
202 1631
202 1632
202 1633
202 1634
202 1638
202 1639
202 1640
202 1641
203 1632
203 1633
203 1634
203 1635
203 1638
203 1639
203 1640
203 1641
204 1632
204 1633
204 1634
204 1635
204 1636
204 1638
204 1639
204 1640
204 1641
205 1633
205 1634
205 1635
205 1636
205 1637
205 1638
205 1639
205 1640
205 1641
205 1642
206 1633
206 1634
206 1635
206 1636
206 1637
206 1638
206 1639
206 1640
206 1641
206 1642
207 1634
207 1635
207 1636
207 1637
207 1638
207 1639
207 1640
207 1641
207 1642
208 1634
208 1635
208 1636
208 1637
208 1638
208 1639
208 1640
208 1641
208 1642
209 1635
209 1636
209 1637
209 1638
209 1639
209 1640
209 1641
210 1636
210 1637
210 1638
210 1639
210 1640
210 1641
211 1637
211 1638
211 1639
211 1640
379 2434
379 2435
379 2436
379 3383
380 2433
380 2434
380 2435
380 2436
380 2437
380 2438
380 2439
380 3381
380 3382
380 3383
380 3384
380 3385
380 3386
380 3387
381 2432
381 2433
381 2434
381 2435
381 2436
381 2437
381 2438
381 2439
381 2440
381 3380
381 3381
381 3382
381 3383
381 3384
381 3385
381 3386
381 3387
381 3388
381 3389
382 2432
382 2433
382 2434
382 2435
382 2436
382 2437
382 2438
382 2439
382 2440
382 2441
382 2442
382 3380
382 3381
382 3382
382 3383
382 3384
382 3385
382 3386
382 3387
382 3388
382 3389
382 3390
382 3391
383 2432
383 2433
383 2434
383 2435
383 2436
383 2437
383 2438
383 2439
383 2440
383 2441
383 2442
383 2443
383 3380
383 3381
383 3382
383 3383
383 3384
383 3385
383 3386
383 3387
383 3388
383 3389
383 3390
383 3391
383 3392
384 2432
384 2433
384 2434
384 2435
384 2436
384 2437
384 2438
384 2439
384 2440
384 2441
384 2442
384 2443
384 2444
384 3380
384 3381
384 3382
384 3383
384 3384
384 3385
384 3386
384 3387
384 3388
384 3389
384 3390
384 3391
384 3392
384 3393
384 3394
385 2433
385 2434
385 2435
385 2436
385 2437
385 2438
385 2439
385 2440
385 2441
385 2442
385 2443
385 2444
385 2445
385 3380
385 3381
385 3382
385 3383
385 3384
385 3385
385 3386
385 3387
385 3388
385 3389
385 3390
385 3391
385 3392
385 3393
385 3394
385 3395
386 2433
386 2434
386 2435
386 2436
386 2437
386 2438
386 2439
386 2440
386 2441
386 2442
386 2443
386 2444
386 2445
386 2446
386 3381
386 3382
386 3383
386 3384
386 3385
386 3386
386 3387
386 3388
386 3389
386 3390
386 3391
386 3392
386 3393
386 3394
386 3395
386 3396
387 2434
387 2435
387 2436
387 2437
387 2438
387 2439
387 2443
387 2444
387 2445
387 2446
387 2447
387 3381
387 3382
387 3383
387 3384
387 3385
387 3386
387 3387
387 3392
387 3393
387 3394
387 3395
387 3396
387 3397
387 3398
388 2435
388 2436
388 2437
388 2438
388 2439
388 2444
388 2445
388 2446
388 2447
388 2448
388 3382
388 3383
388 3384
388 3385
388 3386
388 3387
388 3394
388 3395
388 3396
388 3397
388 3398
388 3399
389 2435
389 2436
389 2437
389 2438
389 2439
389 2440
389 2446
389 2447
389 2448
389 2449
389 3383
389 3384
389 3385
389 3386
389 3387
389 3388
389 3395
389 3396
389 3397
389 3398
389 3399
389 3400
390 2436
390 2437
390 2438
390 2439
390 2440
390 2447
390 2448
390 2449
390 2450
390 3384
390 3385
390 3386
390 3387
390 3388
390 3389
390 3397
390 3398
390 3399
390 3400
390 3401
390 3402
391 2437
391 2438
391 2439
391 2440
391 2441
391 2448
391 2449
391 2450
391 2451
391 3385
391 3386
391 3387
391 3388
391 3389
391 3390
391 3398
391 3399
391 3400
391 3401
391 3402
391 3403
392 2438
392 2439
392 2440
392 2441
392 2442
392 2449
392 2450
392 2451
392 2452
392 3386
392 3387
392 3388
392 3389
392 3390
392 3391
392 3400
392 3401
392 3402
392 3403
392 3404
393 2439
393 2440
393 2441
393 2442
393 2443
393 2450
393 2451
393 2452
393 2453
393 3388
393 3389
393 3390
393 3391
393 3392
393 3401
393 3402
393 3403
393 3404
393 3405
394 2440
394 2441
394 2442
394 2443
394 2444
394 2451
394 2452
394 2453
394 2454
394 3389
394 3390
394 3391
394 3392
394 3393
394 3402
394 3403
394 3404
394 3405
394 3406
394 3407
395 2441
395 2442
395 2443
395 2444
395 2445
395 2452
395 2453
395 2454
395 2455
395 3390
395 3391
395 3392
395 3393
395 3394
395 3395
395 3403
395 3404
395 3405
395 3406
395 3407
395 3408
396 2442
396 2443
396 2444
396 2445
396 2446
396 2453
396 2454
396 2455
396 2456
396 3391
396 3392
396 3393
396 3394
396 3395
396 3396
396 3405
396 3406
396 3407
396 3408
396 3409
397 2443
397 2444
397 2445
397 2446
397 2447
397 2453
397 2454
397 2455
397 2456
397 2457
397 3392
397 3393
397 3394
397 3395
397 3396
397 3397
397 3406
397 3407
397 3408
397 3409
397 3410
398 2444
398 2445
398 2446
398 2447
398 2448
398 2454
398 2455
398 2456
398 2457
398 3394
398 3395
398 3396
398 3397
398 3398
398 3399
398 3407
398 3408
398 3409
398 3410
398 3411
398 3412
399 2445
399 2446
399 2447
399 2448
399 2449
399 2455
399 2456
399 2457
399 2458
399 3395
399 3396
399 3397
399 3398
399 3399
399 3400
399 3408
399 3409
399 3410
399 3411
399 3412
399 3413
400 2446
400 2447
400 2448
400 2449
400 2450
400 2456
400 2457
400 2458
400 2459
400 3396
400 3397
400 3398
400 3399
400 3400
400 3401
400 3409
400 3410
400 3411
400 3412
400 3413
400 3414
401 2447
401 2448
401 2449
401 2450
401 2451
401 2457
401 2458
401 2459
401 2460
401 3397
401 3398
401 3399
401 3400
401 3401
401 3402
401 3410
401 3411
401 3412
401 3413
401 3414
401 3415
402 2448
402 2449
402 2450
402 2451
402 2458
402 2459
402 2460
402 2461
402 3399
402 3400
402 3401
402 3402
402 3403
402 3412
402 3413
402 3414
402 3415
402 3416
403 2449
403 2450
403 2451
403 2452
403 2458
403 2459
403 2460
403 2461
403 3400
403 3401
403 3402
403 3403
403 3404
403 3413
403 3414
403 3415
403 3416
403 3417
404 2450
404 2451
404 2452
404 2453
404 2459
404 2460
404 2461
404 2462
404 3401
404 3402
404 3403
404 3404
404 3405
404 3414
404 3415
404 3416
404 3417
404 3418
405 2451
405 2452
405 2453
405 2454
405 2460
405 2461
405 2462
405 2463
405 3402
405 3403
405 3404
405 3405
405 3406
405 3415
405 3416
405 3417
405 3418
405 3419
406 2451
406 2452
406 2453
406 2454
406 2461
406 2462
406 2463
406 3403
406 3404
406 3405
406 3406
406 3407
406 3415
406 3416
406 3417
406 3418
406 3419
406 3420
407 2452
407 2453
407 2454
407 2455
407 2461
407 2462
407 2463
407 2464
407 3404
407 3405
407 3406
407 3407
407 3408
407 3416
407 3417
407 3418
407 3419
407 3420
407 3421
408 2453
408 2454
408 2455
408 2456
408 2462
408 2463
408 2464
408 2465
408 3405
408 3406
408 3407
408 3408
408 3409
408 3417
408 3418
408 3419
408 3420
408 3421
408 3422
409 2453
409 2454
409 2455
409 2456
409 2462
409 2463
409 2464
409 2465
409 3406
409 3407
409 3408
409 3409
409 3410
409 3418
409 3419
409 3420
409 3421
409 3422
409 3423
409 3424
410 2454
410 2455
410 2456
410 2457
410 2463
410 2464
410 2465
410 2466
410 3407
410 3408
410 3409
410 3410
410 3411
410 3419
410 3420
410 3421
410 3422
410 3423
410 3424
410 3425
411 2455
411 2456
411 2457
411 2458
411 2464
411 2465
411 2466
411 3407
411 3408
411 3409
411 3410
411 3411
411 3412
411 3420
411 3421
411 3422
411 3423
411 3424
411 3425
411 3426
412 2455
412 2456
412 2457
412 2458
412 2464
412 2465
412 2466
412 2467
412 3408
412 3409
412 3410
412 3411
412 3412
412 3413
412 3421
412 3422
412 3423
412 3424
412 3425
412 3426
412 3427
413 2456
413 2457
413 2458
413 2459
413 2465
413 2466
413 2467
413 3409
413 3410
413 3411
413 3412
413 3413
413 3414
413 3422
413 3423
413 3424
413 3425
413 3426
413 3427
413 3428
414 2457
414 2458
414 2459
414 2460
414 2465
414 2466
414 2467
414 2468
414 3410
414 3411
414 3412
414 3413
414 3414
414 3423
414 3424
414 3425
414 3426
414 3427
414 3428
414 3429
415 2457
415 2458
415 2459
415 2460
415 2466
415 2467
415 2468
415 3411
415 3412
415 3413
415 3414
415 3415
415 3424
415 3425
415 3426
415 3427
415 3428
415 3429
415 3430
416 2458
416 2459
416 2460
416 2461
416 2466
416 2467
416 2468
416 2469
416 3412
416 3413
416 3414
416 3415
416 3416
416 3425
416 3426
416 3427
416 3428
416 3429
416 3430
416 3431
417 2458
417 2459
417 2460
417 2461
417 2462
417 2466
417 2467
417 2468
417 2469
417 3412
417 3413
417 3414
417 3415
417 3416
417 3417
417 3426
417 3427
417 3428
417 3429
417 3430
417 3431
417 3432
418 2459
418 2460
418 2461
418 2462
418 2466
418 2467
418 2468
418 2469
418 2470
418 3413
418 3414
418 3415
418 3416
418 3417
418 3418
418 3427
418 3428
418 3429
418 3430
418 3431
418 3432
418 3433
419 2459
419 2460
419 2461
419 2462
419 2463
419 2466
419 2467
419 2468
419 2469
419 2470
419 3414
419 3415
419 3416
419 3417
419 3418
419 3419
419 3428
419 3429
419 3430
419 3431
419 3432
419 3433
420 2460
420 2461
420 2462
420 2463
420 2464
420 2465
420 2466
420 2467
420 2468
420 2469
420 2470
420 3415
420 3416
420 3417
420 3418
420 3419
420 3429
420 3430
420 3431
420 3432
420 3433
420 3434
421 2461
421 2462
421 2463
421 2464
421 2465
421 2466
421 2467
421 2468
421 2469
421 2470
421 3415
421 3416
421 3417
421 3418
421 3419
421 3420
421 3430
421 3431
421 3432
421 3433
421 3434
421 3435
422 2461
422 2462
422 2463
422 2464
422 2465
422 2466
422 2467
422 2468
422 2469
422 2470
422 3416
422 3417
422 3418
422 3419
422 3420
422 3421
422 3431
422 3432
422 3433
422 3434
422 3435
422 3436
423 2462
423 2463
423 2464
423 2465
423 2466
423 2467
423 2468
423 2469
423 2470
423 3417
423 3418
423 3419
423 3420
423 3421
423 3422
423 3432
423 3433
423 3434
423 3435
423 3436
423 3437
424 2463
424 2464
424 2465
424 2466
424 2467
424 2468
424 2469
424 2470
424 3418
424 3419
424 3420
424 3421
424 3422
424 3423
424 3433
424 3434
424 3435
424 3436
424 3437
424 3438
425 2463
425 2464
425 2465
425 2466
425 2467
425 2468
425 2469
425 2470
425 3418
425 3419
425 3420
425 3421
425 3422
425 3423
425 3424
425 3433
425 3434
425 3435
425 3436
425 3437
425 3438
425 3439
426 2464
426 2465
426 2466
426 2467
426 2468
426 2469
426 2470
426 3419
426 3420
426 3421
426 3422
426 3423
426 3424
426 3425
426 3434
426 3435
426 3436
426 3437
426 3438
426 3439
426 3440
427 2465
427 2466
427 2467
427 2468
427 2469
427 2470
427 3420
427 3421
427 3422
427 3423
427 3424
427 3425
427 3426
427 3435
427 3436
427 3437
427 3438
427 3439
427 3440
428 2466
428 2467
428 2468
428 2469
428 3421
428 3422
428 3423
428 3424
428 3425
428 3426
428 3427
428 3436
428 3437
428 3438
428 3439
428 3440
428 3441
429 3422
429 3423
429 3424
429 3425
429 3426
429 3427
429 3428
429 3437
429 3438
429 3439
429 3440
429 3441
429 3442
430 3423
430 3424
430 3425
430 3426
430 3427
430 3428
430 3438
430 3439
430 3440
430 3441
430 3442
430 3443
431 3424
431 3425
431 3426
431 3427
431 3428
431 3429
431 3439
431 3440
431 3441
431 3442
431 3443
432 3425
432 3426
432 3427
432 3428
432 3429
432 3430
432 3440
432 3441
432 3442
432 3443
432 3444
433 3426
433 3427
433 3428
433 3429
433 3430
433 3431
433 3432
433 3440
433 3441
433 3442
433 3443
433 3444
433 3445
434 3427
434 3428
434 3429
434 3430
434 3431
434 3432
434 3433
434 3441
434 3442
434 3443
434 3444
434 3445
434 3446
435 3428
435 3429
435 3430
435 3431
435 3432
435 3433
435 3434
435 3442
435 3443
435 3444
435 3445
435 3446
435 3447
436 3429
436 3430
436 3431
436 3432
436 3433
436 3434
436 3435
436 3443
436 3444
436 3445
436 3446
436 3447
437 3430
437 3431
437 3432
437 3433
437 3434
437 3435
437 3436
437 3444
437 3445
437 3446
437 3447
437 3448
438 3431
438 3432
438 3433
438 3434
438 3435
438 3436
438 3437
438 3445
438 3446
438 3447
438 3448
438 3449
439 3432
439 3433
439 3434
439 3435
439 3436
439 3437
439 3438
439 3446
439 3447
439 3448
439 3449
439 3450
440 3434
440 3435
440 3436
440 3437
440 3438
440 3439
440 3447
440 3448
440 3449
440 3450
441 3435
441 3436
441 3437
441 3438
441 3439
441 3440
441 3448
441 3449
441 3450
441 3451
442 3436
442 3437
442 3438
442 3439
442 3440
442 3441
442 3449
442 3450
442 3451
442 3452
443 3437
443 3438
443 3439
443 3440
443 3441
443 3442
443 3449
443 3450
443 3451
443 3452
443 3453
444 3439
444 3440
444 3441
444 3442
444 3443
444 3450
444 3451
444 3452
444 3453
444 3454
445 3440
445 3441
445 3442
445 3443
445 3444
445 3451
445 3452
445 3453
445 3454
446 3441
446 3442
446 3443
446 3444
446 3445
446 3452
446 3453
446 3454
446 3455
447 3442
447 3443
447 3444
447 3445
447 3446
447 3453
447 3454
447 3455
447 3456
448 3443
448 3444
448 3445
448 3446
448 3447
448 3454
448 3455
448 3456
448 3457
449 3445
449 3446
449 3447
449 3448
449 3449
449 3455
449 3456
449 3457
449 3458
450 3446
450 3447
450 3448
450 3449
450 3450
450 3456
450 3457
450 3458
451 3447
451 3448
451 3449
451 3450
451 3451
451 3457
451 3458
451 3459
452 3448
452 3449
452 3450
452 3451
452 3452
452 3457
452 3458
452 3459
452 3460
453 3449
453 3450
453 3451
453 3452
453 3453
453 3458
453 3459
453 3460
453 3461
454 3450
454 3451
454 3452
454 3453
454 3454
454 3459
454 3460
454 3461
454 3462
455 3452
455 3453
455 3454
455 3455
455 3460
455 3461
455 3462
455 3463
456 3453
456 3454
456 3455
456 3456
456 3461
456 3462
456 3463
457 3454
457 3455
457 3456
457 3457
457 3462
457 3463
457 3464
458 3455
458 3456
458 3457
458 3458
458 3463
458 3464
458 3465
459 3456
459 3457
459 3458
459 3459
459 3464
459 3465
459 3466
460 3457
460 3458
460 3459
460 3460
460 3465
460 3466
460 3467
461 3458
461 3459
461 3460
461 3461
461 3466
461 3467
461 3468
462 3459
462 3460
462 3461
462 3462
462 3467
462 3468
462 3469
463 3460
463 3461
463 3462
463 3463
463 3467
463 3468
463 3469
464 3461
464 3462
464 3463
464 3464
464 3468
464 3469
464 3470
465 3462
465 3463
465 3464
465 3465
465 3469
465 3470
465 3471
466 3463
466 3464
466 3465
466 3470
466 3471
466 3472
467 3464
467 3465
467 3466
467 3471
467 3472
467 3473
468 3465
468 3466
468 3467
468 3472
468 3473
468 3474
469 3466
469 3467
469 3468
469 3473
469 3474
470 3467
470 3468
470 3469
470 3473
470 3474
470 3475
471 3468
471 3469
471 3470
471 3474
471 3475
471 3476
472 3469
472 3470
472 3471
472 3475
472 3476
472 3477
473 3469
473 3470
473 3471
473 3476
473 3477
473 3478
474 3470
474 3471
474 3472
474 3477
474 3478
475 3471
475 3472
475 3473
475 3477
475 3478
475 3479
476 3472
476 3473
476 3474
476 3478
476 3479
476 3480
477 3473
477 3474
477 3475
477 3479
477 3480
477 3481
478 3474
478 3475
478 3480
478 3481
478 3482
479 3474
479 3475
479 3476
479 3481
479 3482
480 3475
480 3476
480 3477
480 3481
480 3482
480 3483
481 3476
481 3477
481 3478
481 3482
481 3483
481 3484
482 3477
482 3478
482 3479
482 3483
482 3484
482 3485
483 3477
483 3478
483 3479
483 3484
483 3485
483 3486
484 3478
484 3479
484 3480
484 3485
484 3486
485 3479
485 3480
485 3481
485 3485
485 3486
485 3487
486 3480
486 3481
486 3482
486 3486
486 3487
486 3488
487 3481
487 3482
487 3487
487 3488
487 3489
488 3481
488 3482
488 3483
488 3488
488 3489
488 3490
489 3482
489 3483
489 3484
489 3488
489 3489
489 3490
490 3483
490 3484
490 3485
490 3489
490 3490
490 3491
491 3484
491 3485
491 3490
491 3491
491 3492
492 3484
492 3485
492 3486
492 3491
492 3492
492 3493
493 3485
493 3486
493 3487
493 3492
493 3493
493 3494
494 3486
494 3487
494 3488
494 3492
494 3493
494 3494
495 3487
495 3488
495 3493
495 3494
495 3495
496 3487
496 3488
496 3489
496 3494
496 3495
496 3496
497 3488
497 3489
497 3490
497 3495
497 3496
497 3497
498 3489
498 3490
498 3491
498 3496
498 3497
498 3498
499 3490
499 3491
499 3492
499 3496
499 3497
499 3498
499 3499
500 3490
500 3491
500 3492
500 3497
500 3498
500 3499
501 3491
501 3492
501 3493
501 3498
501 3499
501 3500
502 3492
502 3493
502 3494
502 3499
502 3500
502 3501
503 3492
503 3493
503 3494
503 3495
503 3500
503 3501
503 3502
504 3493
504 3494
504 3495
504 3500
504 3501
504 3502
504 3503
505 3494
505 3495
505 3496
505 3501
505 3502
505 3503
505 3504
506 3495
506 3496
506 3497
506 3502
506 3503
506 3504
506 3505
507 3495
507 3496
507 3497
507 3503
507 3504
507 3505
507 3506
508 3496
508 3497
508 3498
508 3504
508 3505
508 3506
508 3507
509 3497
509 3498
509 3499
509 3504
509 3505
509 3506
509 3507
509 3508
510 3497
510 3498
510 3499
510 3500
510 3505
510 3506
510 3507
510 3508
511 3498
511 3499
511 3500
511 3506
511 3507
511 3508
511 3509
512 3499
512 3500
512 3501
512 3507
512 3508
512 3509
512 3510
513 3499
513 3500
513 3501
513 3502
513 3508
513 3509
513 3510
513 3511
514 3500
514 3501
514 3502
514 3508
514 3509
514 3510
514 3511
514 3512
515 3500
515 3501
515 3502
515 3503
515 3509
515 3510
515 3511
515 3512
515 3513
515 3514
516 3501
516 3502
516 3503
516 3504
516 3510
516 3511
516 3512
516 3513
516 3514
516 3515
517 3502
517 3503
517 3504
517 3511
517 3512
517 3513
517 3514
517 3515
517 3516
518 3502
518 3503
518 3504
518 3505
518 3512
518 3513
518 3514
518 3515
518 3516
518 3517
519 3503
519 3504
519 3505
519 3506
519 3513
519 3514
519 3515
519 3516
519 3517
519 3518
519 3519
520 3503
520 3504
520 3505
520 3506
520 3513
520 3514
520 3515
520 3516
520 3517
520 3518
520 3519
520 3520
521 3504
521 3505
521 3506
521 3507
521 3514
521 3515
521 3516
521 3517
521 3518
521 3519
521 3520
521 3521
521 3522
522 3504
522 3505
522 3506
522 3507
522 3508
522 3515
522 3516
522 3517
522 3518
522 3519
522 3520
522 3521
522 3522
522 3523
522 3524
523 3505
523 3506
523 3507
523 3508
523 3516
523 3517
523 3518
523 3519
523 3520
523 3521
523 3522
523 3523
523 3524
523 3525
524 3505
524 3506
524 3507
524 3508
524 3509
524 3517
524 3518
524 3519
524 3520
524 3521
524 3522
524 3523
524 3524
524 3525
524 3526
524 3527
525 3506
525 3507
525 3508
525 3509
525 3518
525 3519
525 3520
525 3521
525 3522
525 3523
525 3524
525 3525
525 3526
525 3527
525 3528
525 3529
526 3506
526 3507
526 3508
526 3509
526 3510
526 3519
526 3520
526 3521
526 3522
526 3523
526 3524
526 3525
526 3526
526 3527
526 3528
526 3529
526 3530
527 3507
527 3508
527 3509
527 3510
527 3520
527 3521
527 3522
527 3523
527 3524
527 3525
527 3526
527 3527
527 3528
527 3529
527 3530
527 3531
527 3532
528 3507
528 3508
528 3509
528 3510
528 3511
528 3521
528 3522
528 3523
528 3524
528 3525
528 3526
528 3527
528 3528
528 3529
528 3530
528 3531
528 3532
528 3533
529 3508
529 3509
529 3510
529 3511
529 3512
529 3523
529 3524
529 3525
529 3526
529 3527
529 3528
529 3529
529 3530
529 3531
529 3532
529 3533
529 3534
529 3535
530 3508
530 3509
530 3510
530 3511
530 3512
530 3524
530 3525
530 3526
530 3527
530 3528
530 3529
530 3530
530 3531
530 3532
530 3533
530 3534
530 3535
530 3536
531 3508
531 3509
531 3510
531 3511
531 3512
531 3513
531 3525
531 3526
531 3527
531 3528
531 3529
531 3530
531 3531
531 3532
531 3533
531 3534
531 3535
531 3536
531 3537
532 3509
532 3510
532 3511
532 3512
532 3513
532 3526
532 3527
532 3528
532 3529
532 3530
532 3531
532 3532
532 3533
532 3534
532 3535
532 3536
532 3537
533 3509
533 3510
533 3511
533 3512
533 3513
533 3527
533 3528
533 3529
533 3530
533 3531
533 3532
533 3533
533 3534
533 3535
533 3536
533 3537
533 3538
534 3509
534 3510
534 3511
534 3512
534 3513
534 3514
534 3527
534 3528
534 3529
534 3530
534 3531
534 3532
534 3533
534 3534
534 3535
534 3536
534 3537
534 3538
535 3510
535 3511
535 3512
535 3513
535 3514
535 3528
535 3529
535 3530
535 3531
535 3532
535 3533
535 3534
535 3535
535 3536
535 3537
535 3538
535 3539
536 3510
536 3511
536 3512
536 3513
536 3514
536 3528
536 3529
536 3530
536 3531
536 3532
536 3533
536 3534
536 3535
536 3536
536 3537
536 3538
536 3539
537 3510
537 3511
537 3512
537 3513
537 3514
537 3529
537 3530
537 3531
537 3532
537 3533
537 3534
537 3535
537 3536
537 3537
537 3538
537 3539
538 3510
538 3511
538 3512
538 3513
538 3514
538 3515
538 3529
538 3530
538 3531
538 3532
538 3533
538 3534
538 3535
538 3536
538 3537
538 3538
538 3539
538 3540
539 3510
539 3511
539 3512
539 3513
539 3514
539 3515
539 3529
539 3530
539 3531
539 3532
539 3533
539 3534
539 3535
539 3536
539 3537
539 3538
539 3539
539 3540
540 3510
540 3511
540 3512
540 3513
540 3514
540 3515
540 3530
540 3531
540 3532
540 3533
540 3534
540 3535
540 3536
540 3537
540 3538
540 3539
540 3540
541 3510
541 3511
541 3512
541 3513
541 3514
541 3515
541 3530
541 3531
541 3532
541 3533
541 3534
541 3535
541 3536
541 3537
541 3538
541 3539
541 3540
542 3510
542 3511
542 3512
542 3513
542 3514
542 3515
542 3530
542 3531
542 3532
542 3533
542 3534
542 3535
542 3536
542 3537
542 3538
542 3539
542 3540
543 3510
543 3511
543 3512
543 3513
543 3514
543 3515
543 3530
543 3531
543 3532
543 3533
543 3534
543 3535
543 3536
543 3537
543 3538
543 3539
543 3540
544 3510
544 3511
544 3512
544 3513
544 3514
544 3515
544 3530
544 3531
544 3532
544 3533
544 3534
544 3535
544 3536
544 3537
544 3538
544 3539
544 3540
545 3510
545 3511
545 3512
545 3513
545 3514
545 3515
545 3530
545 3531
545 3532
545 3533
545 3534
545 3535
545 3536
545 3537
545 3538
545 3539
545 3540
546 3510
546 3511
546 3512
546 3513
546 3514
546 3515
546 3530
546 3531
546 3532
546 3533
546 3534
546 3535
546 3536
546 3537
546 3538
546 3539
546 3540
547 3510
547 3511
547 3512
547 3513
547 3514
547 3515
547 3530
547 3531
547 3532
547 3533
547 3534
547 3535
547 3536
547 3537
547 3538
547 3539
547 3540
548 3510
548 3511
548 3512
548 3513
548 3514
548 3515
548 3530
548 3531
548 3532
548 3533
548 3534
548 3535
548 3536
548 3537
548 3538
548 3539
548 3540
549 3510
549 3511
549 3512
549 3513
549 3514
549 3515
549 3530
549 3531
549 3532
549 3533
549 3534
549 3535
549 3536
549 3537
549 3538
549 3539
549 3540
550 3510
550 3511
550 3512
550 3513
550 3514
550 3515
550 3530
550 3531
550 3532
550 3533
550 3534
550 3535
550 3536
550 3537
550 3538
550 3539
550 3540
551 3510
551 3511
551 3512
551 3513
551 3514
551 3515
551 3530
551 3531
551 3532
551 3533
551 3534
551 3535
551 3536
551 3537
551 3538
551 3539
551 3540
552 3510
552 3511
552 3512
552 3513
552 3514
552 3515
552 3530
552 3531
552 3532
552 3533
552 3534
552 3535
552 3536
552 3537
552 3538
552 3539
552 3540
553 3510
553 3511
553 3512
553 3513
553 3514
553 3515
553 3530
553 3531
553 3532
553 3533
553 3534
553 3535
553 3536
553 3537
553 3538
553 3539
553 3540
554 3510
554 3511
554 3512
554 3513
554 3514
554 3515
554 3530
554 3531
554 3532
554 3533
554 3534
554 3535
554 3536
554 3537
554 3538
554 3539
554 3540
555 3510
555 3511
555 3512
555 3513
555 3514
555 3515
555 3530
555 3531
555 3532
555 3533
555 3534
555 3535
555 3536
555 3537
555 3538
555 3539
555 3540
556 3510
556 3511
556 3512
556 3513
556 3514
556 3515
556 3530
556 3531
556 3532
556 3533
556 3534
556 3535
556 3536
556 3537
556 3538
556 3539
556 3540
557 3511
557 3512
557 3513
557 3514
557 3515
557 3530
557 3531
557 3532
557 3533
557 3534
557 3535
557 3536
557 3537
557 3538
557 3539
557 3540
557 3541
558 3511
558 3512
558 3513
558 3514
558 3515
558 3531
558 3532
558 3533
558 3534
558 3535
558 3536
558 3537
558 3538
558 3539
558 3540
558 3541
559 3511
559 3512
559 3513
559 3514
559 3515
559 3516
559 3531
559 3532
559 3533
559 3534
559 3535
559 3536
559 3537
559 3538
559 3539
559 3540
559 3541
560 3511
560 3512
560 3513
560 3514
560 3515
560 3516
560 3531
560 3532
560 3533
560 3534
560 3535
560 3536
560 3537
560 3538
560 3539
560 3540
560 3541
561 3511
561 3512
561 3513
561 3514
561 3515
561 3516
561 3531
561 3532
561 3533
561 3534
561 3535
561 3536
561 3537
561 3538
561 3539
561 3540
561 3541
562 3511
562 3512
562 3513
562 3514
562 3515
562 3516
562 3532
562 3533
562 3534
562 3535
562 3536
562 3537
562 3538
562 3539
562 3540
562 3541
563 3511
563 3512
563 3513
563 3514
563 3515
563 3516
563 3532
563 3533
563 3534
563 3535
563 3536
563 3537
563 3538
563 3539
563 3540
563 3541
563 3542
564 3511
564 3512
564 3513
564 3514
564 3515
564 3516
564 3517
564 3533
564 3534
564 3535
564 3536
564 3537
564 3538
564 3539
564 3540
564 3541
564 3542
565 3512
565 3513
565 3514
565 3515
565 3516
565 3517
565 3534
565 3535
565 3536
565 3537
565 3538
565 3539
565 3540
565 3541
565 3542
566 3512
566 3513
566 3514
566 3515
566 3516
566 3517
566 3518
566 3534
566 3535
566 3536
566 3537
566 3538
566 3539
566 3540
566 3541
566 3542
566 3543
567 3512
567 3513
567 3514
567 3515
567 3516
567 3517
567 3518
567 3535
567 3536
567 3537
567 3538
567 3539
567 3540
567 3541
567 3542
567 3543
568 3513
568 3514
568 3515
568 3516
568 3517
568 3518
568 3519
568 3536
568 3537
568 3538
568 3539
568 3540
568 3541
568 3542
568 3543
568 3544
569 3513
569 3514
569 3515
569 3516
569 3517
569 3518
569 3519
569 3520
569 3537
569 3538
569 3539
569 3540
569 3541
569 3542
569 3543
569 3544
570 3514
570 3515
570 3516
570 3517
570 3518
570 3519
570 3520
570 3538
570 3539
570 3540
570 3541
570 3542
570 3543
570 3544
570 3545
571 3514
571 3515
571 3516
571 3517
571 3518
571 3519
571 3520
571 3521
571 3538
571 3539
571 3540
571 3541
571 3542
571 3543
571 3544
571 3545
571 3546
572 3515
572 3516
572 3517
572 3518
572 3519
572 3520
572 3521
572 3522
572 3539
572 3540
572 3541
572 3542
572 3543
572 3544
572 3545
572 3546
573 3515
573 3516
573 3517
573 3518
573 3519
573 3520
573 3521
573 3522
573 3523
573 3540
573 3541
573 3542
573 3543
573 3544
573 3545
573 3546
573 3547
574 3516
574 3517
574 3518
574 3519
574 3520
574 3521
574 3522
574 3523
574 3524
574 3525
574 3541
574 3542
574 3543
574 3544
574 3545
574 3546
574 3547
575 3517
575 3518
575 3519
575 3520
575 3521
575 3522
575 3523
575 3524
575 3525
575 3526
575 3542
575 3543
575 3544
575 3545
575 3546
575 3547
575 3548
576 3517
576 3518
576 3519
576 3520
576 3521
576 3522
576 3523
576 3524
576 3525
576 3526
576 3527
576 3542
576 3543
576 3544
576 3545
576 3546
576 3547
576 3548
576 3549
577 3518
577 3519
577 3520
577 3521
577 3522
577 3523
577 3524
577 3525
577 3526
577 3527
577 3528
577 3529
577 3543
577 3544
577 3545
577 3546
577 3547
577 3548
577 3549
578 3519
578 3520
578 3521
578 3522
578 3523
578 3524
578 3525
578 3526
578 3527
578 3528
578 3529
578 3530
578 3544
578 3545
578 3546
578 3547
578 3548
578 3549
578 3550
579 3520
579 3521
579 3522
579 3523
579 3524
579 3525
579 3526
579 3527
579 3528
579 3529
579 3530
579 3531
579 3545
579 3546
579 3547
579 3548
579 3549
579 3550
580 3521
580 3522
580 3523
580 3524
580 3525
580 3526
580 3527
580 3528
580 3529
580 3530
580 3531
580 3532
580 3533
580 3546
580 3547
580 3548
580 3549
580 3550
580 3551
581 3522
581 3523
581 3524
581 3525
581 3526
581 3527
581 3528
581 3529
581 3530
581 3531
581 3532
581 3533
581 3534
581 3546
581 3547
581 3548
581 3549
581 3550
581 3551
581 3552
582 3523
582 3524
582 3525
582 3526
582 3527
582 3528
582 3529
582 3530
582 3531
582 3532
582 3533
582 3534
582 3535
582 3536
582 3547
582 3548
582 3549
582 3550
582 3551
582 3552
583 3525
583 3526
583 3527
583 3528
583 3529
583 3530
583 3531
583 3532
583 3533
583 3534
583 3535
583 3536
583 3537
583 3548
583 3549
583 3550
583 3551
583 3552
583 3553
584 3526
584 3527
584 3528
584 3529
584 3530
584 3531
584 3532
584 3533
584 3534
584 3535
584 3536
584 3537
584 3538
584 3549
584 3550
584 3551
584 3552
584 3553
584 3554
585 3528
585 3529
585 3530
585 3531
585 3532
585 3533
585 3534
585 3535
585 3536
585 3537
585 3538
585 3539
585 3550
585 3551
585 3552
585 3553
585 3554
586 3530
586 3531
586 3532
586 3533
586 3534
586 3535
586 3536
586 3537
586 3538
586 3539
586 3540
586 3550
586 3551
586 3552
586 3553
586 3554
586 3555
587 3531
587 3532
587 3533
587 3534
587 3535
587 3536
587 3537
587 3538
587 3539
587 3540
587 3541
587 3551
587 3552
587 3553
587 3554
587 3555
588 3533
588 3534
588 3535
588 3536
588 3537
588 3538
588 3539
588 3540
588 3541
588 3542
588 3552
588 3553
588 3554
588 3555
588 3556
589 3535
589 3536
589 3537
589 3538
589 3539
589 3540
589 3541
589 3542
589 3543
589 3553
589 3554
589 3555
589 3556
589 3557
590 3537
590 3538
590 3539
590 3540
590 3541
590 3542
590 3543
590 3544
590 3554
590 3555
590 3556
590 3557
591 3538
591 3539
591 3540
591 3541
591 3542
591 3543
591 3544
591 3545
591 3546
591 3554
591 3555
591 3556
591 3557
591 3558
592 3540
592 3541
592 3542
592 3543
592 3544
592 3545
592 3546
592 3547
592 3555
592 3556
592 3557
592 3558
592 3559
593 3541
593 3542
593 3543
593 3544
593 3545
593 3546
593 3547
593 3548
593 3556
593 3557
593 3558
593 3559
593 3560
594 3543
594 3544
594 3545
594 3546
594 3547
594 3548
594 3549
594 3557
594 3558
594 3559
594 3560
595 3544
595 3545
595 3546
595 3547
595 3548
595 3549
595 3550
595 3558
595 3559
595 3560
595 3561
596 3545
596 3546
596 3547
596 3548
596 3549
596 3550
596 3551
596 3559
596 3560
596 3561
596 3562
597 3547
597 3548
597 3549
597 3550
597 3551
597 3552
597 3559
597 3560
597 3561
597 3562
598 3548
598 3549
598 3550
598 3551
598 3552
598 3553
598 3560
598 3561
598 3562
598 3563
599 3550
599 3551
599 3552
599 3553
599 3554
599 3561
599 3562
599 3563
599 3564
600 3551
600 3552
600 3553
600 3554
600 3555
600 3562
600 3563
600 3564
600 3565
601 3552
601 3553
601 3554
601 3555
601 3556
601 3563
601 3564
601 3565
602 3553
602 3554
602 3555
602 3556
602 3557
602 3564
602 3565
602 3566
603 3555
603 3556
603 3557
603 3558
603 3564
603 3565
603 3566
603 3567
604 3556
604 3557
604 3558
604 3559
604 3565
604 3566
604 3567
604 3568
605 3557
605 3558
605 3559
605 3560
605 3566
605 3567
605 3568
605 3569
606 3558
606 3559
606 3560
606 3561
606 3567
606 3568
606 3569
607 3559
607 3560
607 3561
607 3562
607 3568
607 3569
607 3570
608 3560
608 3561
608 3562
608 3563
608 3569
608 3570
608 3571
609 3561
609 3562
609 3563
609 3564
609 3570
609 3571
609 3572
610 3562
610 3563
610 3564
610 3565
610 3570
610 3571
610 3572
610 3573
611 3563
611 3564
611 3565
611 3566
611 3571
611 3572
611 3573
612 3564
612 3565
612 3566
612 3567
612 3572
612 3573
612 3574
613 3565
613 3566
613 3567
613 3568
613 3573
613 3574
613 3575
614 3566
614 3567
614 3568
614 3569
614 3574
614 3575
614 3576
615 3567
615 3568
615 3569
615 3570
615 3575
615 3576
616 3568
616 3569
616 3570
616 3571
616 3575
616 3576
616 3577
617 3569
617 3570
617 3571
617 3572
617 3576
617 3577
617 3578
618 3570
618 3571
618 3572
618 3577
618 3578
618 3579
619 3571
619 3572
619 3573
619 3578
619 3579
619 3580
620 3572
620 3573
620 3574
620 3579
620 3580
621 3573
621 3574
621 3575
621 3580
621 3581
622 3574
622 3575
622 3576
622 3580
622 3581
622 3582
623 3575
623 3576
623 3577
623 3581
623 3582
623 3583
624 3576
624 3577
624 3578
624 3582
624 3583
624 3584
625 3577
625 3578
625 3579
625 3583
625 3584
625 3585
626 3578
626 3579
626 3580
626 3584
626 3585
627 3579
627 3580
627 3585
627 3586
628 3580
628 3581
628 3586
628 3587
629 3581
629 3582
629 3586
629 3587
629 3588
630 3581
630 3582
630 3583
630 3587
630 3588
630 3589
631 3582
631 3583
631 3584
631 3588
631 3589
631 3590
632 3583
632 3584
632 3585
632 3589
632 3590
633 3584
633 3585
633 3586
633 3590
633 3591
634 3585
634 3586
634 3591
634 3592
635 3586
635 3587
635 3591
635 3592
635 3593
636 3587
636 3588
636 3592
636 3593
636 3594
637 3588
637 3589
637 3593
637 3594
637 3595
638 3588
638 3589
638 3590
638 3594
638 3595
639 3589
639 3590
639 3591
639 3595
639 3596
640 3590
640 3591
640 3592
640 3596
640 3597
641 3591
641 3592
641 3593
641 3597
641 3598
642 3592
642 3593
642 3597
642 3598
642 3599
643 3593
643 3594
643 3598
643 3599
643 3600
644 3594
644 3595
644 3599
644 3600
644 3601
645 3594
645 3595
645 3596
645 3600
645 3601
646 3595
646 3596
646 3597
646 3601
646 3602
647 3596
647 3597
647 3598
647 3602
647 3603
648 3597
648 3598
648 3602
648 3603
648 3604
649 3598
649 3599
649 3603
649 3604
649 3605
650 3599
650 3600
650 3604
650 3605
650 3606
651 3599
651 3600
651 3601
651 3605
651 3606
652 3600
652 3601
652 3602
652 3606
652 3607
653 3601
653 3602
653 3607
653 3608
654 3602
654 3603
654 3607
654 3608
654 3609
655 3603
655 3604
655 3608
655 3609
655 3610
656 3604
656 3605
656 3609
656 3610
657 3604
657 3605
657 3606
657 3610
657 3611
658 3605
658 3606
658 3607
658 3611
658 3612
659 3606
659 3607
659 3611
659 3612
659 3613
660 3607
660 3608
660 3612
660 3613
660 3614
661 3608
661 3609
661 3613
661 3614
662 3608
662 3609
662 3610
662 3614
662 3615
663 3609
663 3610
663 3611
663 3615
663 3616
664 3610
664 3611
664 3615
664 3616
664 3617
665 3611
665 3612
665 3616
665 3617
665 3618
666 3612
666 3613
666 3617
666 3618
667 3612
667 3613
667 3614
667 3618
667 3619
668 3613
668 3614
668 3615
668 3619
668 3620
669 3614
669 3615
669 3620
669 3621
670 3615
670 3616
670 3620
670 3621
670 3622
671 3616
671 3617
671 3621
671 3622
671 3623
672 3617
672 3618
672 3622
672 3623
673 3617
673 3618
673 3619
673 3623
673 3624
674 3618
674 3619
674 3620
674 3624
674 3625
675 3619
675 3620
675 3621
675 3625
675 3626
676 3620
676 3621
676 3625
676 3626
676 3627
677 3621
677 3622
677 3626
677 3627
677 3628
678 3622
678 3623
678 3627
678 3628
678 3629
679 3623
679 3624
679 3628
679 3629
680 3623
680 3624
680 3625
680 3629
680 3630
681 3624
681 3625
681 3626
681 3630
681 3631
682 3625
682 3626
682 3631
682 3632
683 3626
683 3627
683 3631
683 3632
683 3633
684 3627
684 3628
684 3632
684 3633
684 3634
685 3628
685 3629
685 3633
685 3634
685 3635
686 3628
686 3629
686 3630
686 3634
686 3635
687 3629
687 3630
687 3631
687 3635
687 3636
688 3630
688 3631
688 3632
688 3636
688 3637
689 3631
689 3632
689 3637
689 3638
690 3632
690 3633
690 3637
690 3638
690 3639
691 3633
691 3634
691 3638
691 3639
691 3640
692 3633
692 3634
692 3635
692 3639
692 3640
692 3641
693 3634
693 3635
693 3636
693 3640
693 3641
693 3642
694 3635
694 3636
694 3637
694 3641
694 3642
694 3643
695 3636
695 3637
695 3638
695 3642
695 3643
695 3644
696 3637
696 3638
696 3643
696 3644
696 3645
697 3638
697 3639
697 3644
697 3645
698 3638
698 3639
698 3640
698 3645
698 3646
699 3639
699 3640
699 3641
699 3645
699 3646
699 3647
700 3640
700 3641
700 3642
700 3646
700 3647
700 3648
701 3641
701 3642
701 3643
701 3647
701 3648
701 3649
702 3642
702 3643
702 3644
702 3648
702 3649
702 3650
703 3643
703 3644
703 3649
703 3650
703 3651
704 3643
704 3644
704 3645
704 3650
704 3651
704 3652
705 3644
705 3645
705 3646
705 3651
705 3652
705 3653
706 3645
706 3646
706 3647
706 3652
706 3653
706 3654
707 3646
707 3647
707 3648
707 3653
707 3654
707 3655
708 3646
708 3647
708 3648
708 3653
708 3654
708 3655
708 3656
709 3647
709 3648
709 3649
709 3654
709 3655
709 3656
709 3657
710 3648
710 3649
710 3650
710 3655
710 3656
710 3657
710 3658
711 3649
711 3650
711 3651
711 3656
711 3657
711 3658
711 3659
712 3649
712 3650
712 3651
712 3652
712 3657
712 3658
712 3659
712 3660
713 3650
713 3651
713 3652
713 3658
713 3659
713 3660
713 3661
714 3651
714 3652
714 3653
714 3659
714 3660
714 3661
714 3662
715 3652
715 3653
715 3654
715 3659
715 3660
715 3661
715 3662
715 3663
716 3652
716 3653
716 3654
716 3655
716 3660
716 3661
716 3662
716 3663
716 3664
717 3653
717 3654
717 3655
717 3661
717 3662
717 3663
717 3664
717 3665
718 3653
718 3654
718 3655
718 3656
718 3662
718 3663
718 3664
718 3665
718 3666
719 3654
719 3655
719 3656
719 3657
719 3663
719 3664
719 3665
719 3666
719 3667
720 3655
720 3656
720 3657
720 3664
720 3665
720 3666
720 3667
720 3668
721 3655
721 3656
721 3657
721 3658
721 3664
721 3665
721 3666
721 3667
721 3668
721 3669
722 3656
722 3657
722 3658
722 3659
722 3665
722 3666
722 3667
722 3668
722 3669
722 3670
723 3656
723 3657
723 3658
723 3659
723 3666
723 3667
723 3668
723 3669
723 3670
723 3671
724 3657
724 3658
724 3659
724 3660
724 3667
724 3668
724 3669
724 3670
724 3671
724 3672
725 3658
725 3659
725 3660
725 3661
725 3667
725 3668
725 3669
725 3670
725 3671
725 3672
725 3673
726 3658
726 3659
726 3660
726 3661
726 3668
726 3669
726 3670
726 3671
726 3672
726 3673
727 3659
727 3660
727 3661
727 3662
727 3669
727 3670
727 3671
727 3672
727 3673
727 3674
728 3659
728 3660
728 3661
728 3662
728 3663
728 3670
728 3671
728 3672
728 3673
728 3674
728 3675
729 3660
729 3661
729 3662
729 3663
729 3664
729 3671
729 3672
729 3673
729 3674
729 3675
729 3676
730 3660
730 3661
730 3662
730 3663
730 3664
730 3671
730 3672
730 3673
730 3674
730 3675
730 3676
730 3677
731 3661
731 3662
731 3663
731 3664
731 3665
731 3672
731 3673
731 3674
731 3675
731 3676
731 3677
731 3678
732 3662
732 3663
732 3664
732 3665
732 3666
732 3673
732 3674
732 3675
732 3676
732 3677
732 3678
732 3679
733 3662
733 3663
733 3664
733 3665
733 3666
733 3667
733 3674
733 3675
733 3676
733 3677
733 3678
733 3679
733 3680
734 3663
734 3664
734 3665
734 3666
734 3667
734 3668
734 3674
734 3675
734 3676
734 3677
734 3678
734 3679
734 3680
734 3681
735 3664
735 3665
735 3666
735 3667
735 3668
735 3669
735 3675
735 3676
735 3677
735 3678
735 3679
735 3680
735 3681
735 3682
736 3664
736 3665
736 3666
736 3667
736 3668
736 3669
736 3670
736 3676
736 3677
736 3678
736 3679
736 3680
736 3681
736 3682
736 3683
736 3684
737 3665
737 3666
737 3667
737 3668
737 3669
737 3670
737 3671
737 3672
737 3677
737 3678
737 3679
737 3680
737 3681
737 3682
737 3683
737 3684
738 3666
738 3667
738 3668
738 3669
738 3670
738 3671
738 3672
738 3673
738 3677
738 3678
738 3679
738 3680
738 3681
738 3682
738 3683
738 3684
738 3685
739 3667
739 3668
739 3669
739 3670
739 3671
739 3672
739 3673
739 3674
739 3675
739 3678
739 3679
739 3680
739 3681
739 3682
739 3683
739 3684
739 3685
739 3686
739 3687
740 3668
740 3669
740 3670
740 3671
740 3672
740 3673
740 3674
740 3675
740 3676
740 3679
740 3680
740 3681
740 3682
740 3683
740 3684
740 3685
740 3686
740 3687
740 3688
741 3669
741 3670
741 3671
741 3672
741 3673
741 3674
741 3675
741 3676
741 3677
741 3678
741 3679
741 3680
741 3681
741 3682
741 3683
741 3684
741 3685
741 3686
741 3687
741 3688
741 3689
742 3670
742 3671
742 3672
742 3673
742 3674
742 3675
742 3676
742 3677
742 3678
742 3679
742 3680
742 3681
742 3682
742 3683
742 3684
742 3685
742 3686
742 3687
742 3688
742 3689
742 3690
743 3671
743 3672
743 3673
743 3674
743 3675
743 3676
743 3677
743 3678
743 3679
743 3680
743 3681
743 3682
743 3683
743 3684
743 3685
743 3686
743 3687
743 3688
743 3689
743 3690
743 3691
744 3672
744 3673
744 3674
744 3675
744 3676
744 3677
744 3678
744 3679
744 3680
744 3681
744 3682
744 3683
744 3684
744 3685
744 3686
744 3687
744 3688
744 3689
744 3690
744 3691
744 3692
745 3674
745 3675
745 3676
745 3677
745 3678
745 3679
745 3680
745 3681
745 3682
745 3683
745 3684
745 3685
745 3686
745 3687
745 3688
745 3689
745 3690
745 3691
745 3692
745 3693
746 3675
746 3676
746 3677
746 3678
746 3679
746 3680
746 3681
746 3682
746 3683
746 3684
746 3685
746 3686
746 3687
746 3688
746 3689
746 3690
746 3691
746 3692
746 3693
746 3694
747 3676
747 3677
747 3678
747 3679
747 3680
747 3681
747 3682
747 3683
747 3684
747 3685
747 3686
747 3687
747 3688
747 3689
747 3690
747 3691
747 3692
747 3693
747 3694
747 3695
748 3678
748 3679
748 3680
748 3681
748 3682
748 3683
748 3684
748 3685
748 3686
748 3687
748 3690
748 3691
748 3692
748 3693
748 3694
748 3695
748 3696
749 3679
749 3680
749 3681
749 3682
749 3683
749 3684
749 3685
749 3686
749 3687
749 3688
749 3691
749 3692
749 3693
749 3694
749 3695
749 3696
749 3697
750 3681
750 3682
750 3683
750 3684
750 3685
750 3686
750 3687
750 3688
750 3693
750 3694
750 3695
750 3696
750 3697
750 3698
751 3682
751 3683
751 3684
751 3685
751 3686
751 3687
751 3688
751 3689
751 3694
751 3695
751 3696
751 3697
751 3698
751 3699
752 3684
752 3685
752 3686
752 3687
752 3688
752 3689
752 3690
752 3695
752 3696
752 3697
752 3698
752 3699
752 3700
753 3685
753 3686
753 3687
753 3688
753 3689
753 3690
753 3691
753 3696
753 3697
753 3698
753 3699
753 3700
753 3701
754 3686
754 3687
754 3688
754 3689
754 3690
754 3691
754 3692
754 3697
754 3698
754 3699
754 3700
754 3701
755 3688
755 3689
755 3690
755 3691
755 3692
755 3693
755 3698
755 3699
755 3700
755 3701
755 3702
756 3689
756 3690
756 3691
756 3692
756 3693
756 3694
756 3699
756 3700
756 3701
756 3702
756 3703
757 3690
757 3691
757 3692
757 3693
757 3694
757 3695
757 3700
757 3701
757 3702
757 3703
757 3704
758 3691
758 3692
758 3693
758 3694
758 3695
758 3696
758 3701
758 3702
758 3703
758 3704
758 3705
759 3692
759 3693
759 3694
759 3695
759 3696
759 3697
759 3702
759 3703
759 3704
759 3705
760 3693
760 3694
760 3695
760 3696
760 3697
760 3698
760 3703
760 3704
760 3705
760 3706
761 3695
761 3696
761 3697
761 3698
761 3699
761 3704
761 3705
761 3706
761 3707
762 3696
762 3697
762 3698
762 3699
762 3700
762 3705
762 3706
762 3707
762 3708
763 3697
763 3698
763 3699
763 3700
763 3701
763 3706
763 3707
763 3708
763 3709
764 3698
764 3699
764 3700
764 3701
764 3702
764 3707
764 3708
764 3709
765 3699
765 3700
765 3701
765 3702
765 3703
765 3707
765 3708
765 3709
765 3710
766 3700
766 3701
766 3702
766 3703
766 3708
766 3709
766 3710
766 3711
767 3701
767 3702
767 3703
767 3704
767 3709
767 3710
767 3711
767 3712
768 3702
768 3703
768 3704
768 3705
768 3710
768 3711
768 3712
768 3713
769 3703
769 3704
769 3705
769 3706
769 3711
769 3712
769 3713
770 3704
770 3705
770 3706
770 3707
770 3712
770 3713
770 3714
771 3705
771 3706
771 3707
771 3708
771 3713
771 3714
771 3715
772 3706
772 3707
772 3708
772 3709
772 3713
772 3714
772 3715
772 3716
773 3707
773 3708
773 3709
773 3710
773 3714
773 3715
773 3716
773 3717
774 3708
774 3709
774 3710
774 3711
774 3715
774 3716
774 3717
775 3709
775 3710
775 3711
775 3712
775 3716
775 3717
775 3718
776 3710
776 3711
776 3712
776 3713
776 3717
776 3718
776 3719
777 3711
777 3712
777 3713
777 3718
777 3719
777 3720
778 3712
778 3713
778 3714
778 3719
778 3720
778 3721
779 3713
779 3714
779 3715
779 3720
779 3721
779 3722
780 3714
780 3715
780 3716
780 3721
780 3722
780 3723
781 3715
781 3716
781 3717
781 3721
781 3722
781 3723
782 3716
782 3717
782 3718
782 3722
782 3723
782 3724
783 3717
783 3718
783 3719
783 3723
783 3724
783 3725
784 3718
784 3719
784 3720
784 3724
784 3725
784 3726
785 3719
785 3720
785 3721
785 3725
785 3726
785 3727
786 3719
786 3720
786 3721
786 3722
786 3726
786 3727
786 3728
787 3720
787 3721
787 3722
787 3727
787 3728
787 3729
788 3721
788 3722
788 3723
788 3727
788 3728
788 3729
789 3722
789 3723
789 3724
789 3728
789 3729
789 3730
790 3723
790 3724
790 3725
790 3729
790 3730
790 3731
791 3724
791 3725
791 3726
791 3730
791 3731
791 3732
792 3725
792 3726
792 3727
792 3731
792 3732
792 3733
793 3726
793 3727
793 3732
793 3733
793 3734
794 3726
794 3727
794 3728
794 3733
794 3734
795 3727
795 3728
795 3729
795 3733
795 3734
795 3735
796 3728
796 3729
796 3730
796 3734
796 3735
796 3736
797 3729
797 3730
797 3731
797 3735
797 3736
797 3737
798 3730
798 3731
798 3732
798 3736
798 3737
798 3738
799 3731
799 3732
799 3737
799 3738
799 3739
800 3731
800 3732
800 3733
800 3737
800 3738
800 3739
801 3732
801 3733
801 3734
801 3738
801 3739
801 3740
802 3733
802 3734
802 3735
802 3739
802 3740
802 3741
803 3734
803 3735
803 3736
803 3740
803 3741
803 3742
804 3735
804 3736
804 3737
804 3741
804 3742
804 3743
805 3735
805 3736
805 3737
805 3742
805 3743
806 3736
806 3737
806 3738
806 3742
806 3743
806 3744
807 3737
807 3738
807 3739
807 3743
807 3744
807 3745
808 3738
808 3739
808 3740
808 3744
808 3745
808 3746
809 3739
809 3740
809 3741
809 3745
809 3746
809 3747
810 3740
810 3741
810 3746
810 3747
810 3748
811 3740
811 3741
811 3742
811 3746
811 3747
811 3748
811 3749
812 3741
812 3742
812 3743
812 3747
812 3748
812 3749
813 3742
813 3743
813 3744
813 3748
813 3749
813 3750
814 3743
814 3744
814 3745
814 3749
814 3750
814 3751
815 3744
815 3745
815 3746
815 3750
815 3751
815 3752
816 3744
816 3745
816 3746
816 3751
816 3752
816 3753
817 3745
817 3746
817 3747
817 3751
817 3752
817 3753
817 3754
818 3746
818 3747
818 3748
818 3752
818 3753
818 3754
818 3755
819 3747
819 3748
819 3749
819 3753
819 3754
819 3755
820 3748
820 3749
820 3750
820 3754
820 3755
820 3756
821 3748
821 3749
821 3750
821 3755
821 3756
821 3757
822 3749
822 3750
822 3751
822 3756
822 3757
822 3758
823 3750
823 3751
823 3752
823 3757
823 3758
823 3759
824 3751
824 3752
824 3753
824 3758
824 3759
824 3760
825 3751
825 3752
825 3753
825 3754
825 3758
825 3759
825 3760
825 3761
826 3752
826 3753
826 3754
826 3759
826 3760
826 3761
826 3762
827 3753
827 3754
827 3755
827 3760
827 3761
827 3762
827 3763
828 3754
828 3755
828 3756
828 3761
828 3762
828 3763
829 3754
829 3755
829 3756
829 3757
829 3762
829 3763
829 3764
830 3755
830 3756
830 3757
830 3762
830 3763
830 3764
830 3765
831 3756
831 3757
831 3758
831 3763
831 3764
831 3765
831 3766
832 3756
832 3757
832 3758
832 3759
832 3764
832 3765
832 3766
833 3757
833 3758
833 3759
833 3760
833 3764
833 3765
833 3766
833 3767
834 3758
834 3759
834 3760
834 3765
834 3766
834 3767
834 3768
835 3758
835 3759
835 3760
835 3761
835 3766
835 3767
835 3768
835 3769
836 3759
836 3760
836 3761
836 3762
836 3766
836 3767
836 3768
836 3769
837 3760
837 3761
837 3762
837 3767
837 3768
837 3769
837 3770
838 3760
838 3761
838 3762
838 3763
838 3768
838 3769
838 3770
838 3771
839 3761
839 3762
839 3763
839 3764
839 3769
839 3770
839 3771
840 3762
840 3763
840 3764
840 3769
840 3770
840 3771
840 3772
841 3762
841 3763
841 3764
841 3765
841 3770
841 3771
841 3772
841 3773
842 3763
842 3764
842 3765
842 3766
842 3771
842 3772
842 3773
843 3764
843 3765
843 3766
843 3771
843 3772
843 3773
843 3774
844 3764
844 3765
844 3766
844 3767
844 3772
844 3773
844 3774
845 3765
845 3766
845 3767
845 3768
845 3773
845 3774
845 3775
846 3766
846 3767
846 3768
846 3773
846 3774
846 3775
846 3776
847 3766
847 3767
847 3768
847 3769
847 3774
847 3775
847 3776
848 3767
848 3768
848 3769
848 3770
848 3775
848 3776
848 3777
849 3768
849 3769
849 3770
849 3771
849 3775
849 3776
849 3777
849 3778
850 3769
850 3770
850 3771
850 3776
850 3777
850 3778
851 3769
851 3770
851 3771
851 3772
851 3777
851 3778
851 3779
852 3770
852 3771
852 3772
852 3773
852 3777
852 3778
852 3779
852 3780
853 3771
853 3772
853 3773
853 3778
853 3779
853 3780
854 3772
854 3773
854 3774
854 3779
854 3780
854 3781
855 3772
855 3773
855 3774
855 3775
855 3779
855 3780
855 3781
855 3782
856 3773
856 3774
856 3775
856 3776
856 3780
856 3781
856 3782
857 3774
857 3775
857 3776
857 3781
857 3782
857 3783
858 3775
858 3776
858 3777
858 3782
858 3783
858 3784
859 3776
859 3777
859 3778
859 3782
859 3783
859 3784
860 3776
860 3777
860 3778
860 3779
860 3783
860 3784
860 3785
861 3777
861 3778
861 3779
861 3780
861 3784
861 3785
861 3786
862 3778
862 3779
862 3780
862 3785
862 3786
862 3787
863 3779
863 3780
863 3781
863 3785
863 3786
863 3787
864 3780
864 3781
864 3782
864 3786
864 3787
864 3788
865 3781
865 3782
865 3783
865 3787
865 3788
865 3789
866 3781
866 3782
866 3783
866 3788
866 3789
867 3782
867 3783
867 3784
867 3788
867 3789
867 3790
868 3783
868 3784
868 3785
868 3789
868 3790
868 3791
869 3784
869 3785
869 3786
869 3790
869 3791
869 3792
870 3785
870 3786
870 3787
870 3791
870 3792
870 3793
871 3786
871 3787
871 3788
871 3792
871 3793
872 3787
872 3788
872 3792
872 3793
872 3794
873 3787
873 3788
873 3789
873 3793
873 3794
873 3795
874 3788
874 3789
874 3790
874 3794
874 3795
874 3796
875 3789
875 3790
875 3791
875 3795
875 3796
875 3797
876 3790
876 3791
876 3792
876 3796
876 3797
877 3791
877 3792
877 3793
877 3796
877 3797
877 3798
878 3792
878 3793
878 3797
878 3798
878 3799
879 3793
879 3794
879 3798
879 3799
879 3800
880 3793
880 3794
880 3795
880 3799
880 3800
880 3801
881 3794
881 3795
881 3796
881 3800
881 3801
881 3802
882 3795
882 3796
882 3797
882 3801
882 3802
883 3796
883 3797
883 3798
883 3802
883 3803
884 3797
884 3798
884 3802
884 3803
884 3804
885 3798
885 3799
885 3803
885 3804
885 3805
886 3798
886 3799
886 3800
886 3804
886 3805
886 3806
887 3799
887 3800
887 3801
887 3805
887 3806
887 3807
888 3800
888 3801
888 3802
888 3806
888 3807
888 3808
889 3801
889 3802
889 3803
889 3807
889 3808
890 3802
890 3803
890 3804
890 3807
890 3808
890 3809
891 3803
891 3804
891 3808
891 3809
891 3810
892 3803
892 3804
892 3805
892 3809
892 3810
892 3811
893 3804
893 3805
893 3806
893 3810
893 3811
893 3812
894 3805
894 3806
894 3807
894 3811
894 3812
894 3813
895 3806
895 3807
895 3808
895 3812
895 3813
896 3807
896 3808
896 3809
896 3813
896 3814
897 3808
897 3809
897 3813
897 3814
897 3815
898 3808
898 3809
898 3810
898 3814
898 3815
898 3816
899 3809
899 3810
899 3811
899 3815
899 3816
899 3817
900 3810
900 3811
900 3812
900 3816
900 3817
900 3818
901 3811
901 3812
901 3813
901 3817
901 3818
901 3819
902 3812
902 3813
902 3814
902 3818
902 3819
903 3813
903 3814
903 3818
903 3819
903 3820
904 3813
904 3814
904 3815
904 3819
904 3820
904 3821
905 3814
905 3815
905 3816
905 3820
905 3821
905 3822
906 3815
906 3816
906 3817
906 3821
906 3822
906 3823
907 3816
907 3817
907 3818
907 3822
907 3823
907 3824
908 3817
908 3818
908 3823
908 3824
909 3818
909 3819
909 3823
909 3824
909 3825
910 3818
910 3819
910 3820
910 3824
910 3825
910 3826
911 3819
911 3820
911 3821
911 3825
911 3826
911 3827
912 3820
912 3821
912 3822
912 3826
912 3827
912 3828
913 3821
913 3822
913 3823
913 3827
913 3828
913 3829
914 3822
914 3823
914 3828
914 3829
915 3822
915 3823
915 3824
915 3828
915 3829
915 3830
916 3823
916 3824
916 3825
916 3829
916 3830
916 3831
917 3824
917 3825
917 3826
917 3830
917 3831
917 3832
918 3825
918 3826
918 3827
918 3831
918 3832
918 3833
919 3826
919 3827
919 3832
919 3833
919 3834
920 3826
920 3827
920 3828
920 3833
920 3834
921 3827
921 3828
921 3829
921 3833
921 3834
921 3835
922 3828
922 3829
922 3830
922 3834
922 3835
922 3836
923 3829
923 3830
923 3835
923 3836
923 3837
924 3829
924 3830
924 3831
924 3836
924 3837
925 3830
925 3831
925 3832
925 3836
925 3837
925 3838
926 3831
926 3832
926 3833
926 3837
926 3838
926 3839
927 3831
927 3832
927 3833
927 3838
927 3839
927 3840
928 3832
928 3833
928 3834
928 3838
928 3839
928 3840
929 3833
929 3834
929 3835
929 3839
929 3840
929 3841
930 3833
930 3834
930 3835
930 3840
930 3841
931 3834
931 3835
931 3836
931 3840
931 3841
931 3842
932 3834
932 3835
932 3836
932 3841
932 3842
932 3843
933 3835
933 3836
933 3837
933 3841
933 3842
933 3843
934 3836
934 3837
934 3842
934 3843
934 3844
935 3836
935 3837
935 3838
935 3842
935 3843
935 3844
936 3837
936 3838
936 3839
936 3843
936 3844
936 3845
937 3837
937 3838
937 3839
937 3843
937 3844
937 3845
938 3838
938 3839
938 3840
938 3844
938 3845
938 3846
939 3838
939 3839
939 3840
939 3844
939 3845
939 3846
940 3839
940 3840
940 3841
940 3845
940 3846
940 3847
941 3839
941 3840
941 3841
941 3845
941 3846
941 3847
942 3840
942 3841
942 3842
942 3846
942 3847
942 3848
943 3840
943 3841
943 3842
943 3846
943 3847
943 3848
944 3841
944 3842
944 3843
944 3847
944 3848
944 3849
945 3841
945 3842
945 3843
945 3847
945 3848
945 3849
946 3842
946 3843
946 3844
946 3848
946 3849
946 3850
947 3842
947 3843
947 3844
947 3848
947 3849
947 3850
948 3843
948 3844
948 3845
948 3848
948 3849
948 3850
949 3843
949 3844
949 3845
949 3846
949 3848
949 3849
949 3850
949 3851
950 3844
950 3845
950 3846
950 3847
950 3848
950 3849
950 3850
950 3851
951 3844
951 3845
951 3846
951 3847
951 3848
951 3849
951 3850
951 3851
952 3845
952 3846
952 3847
952 3848
952 3849
952 3850
952 3851
953 3845
953 3846
953 3847
953 3848
953 3849
953 3850
953 3851
954 3846
954 3847
954 3848
954 3849
954 3850
954 3851
955 3847
955 3848
955 3849
955 3850
955 3851
956 3848
956 3849
956 3850
1543 4540
1544 4540
1545 4539
1545 4540
1546 4539
1546 4540
1547 4538
1547 4539
1547 4540
1548 4537
1548 4538
1548 4539
1548 4540
1549 4537
1549 4538
1549 4539
1549 4540
1550 4536
1550 4537
1550 4538
1550 4539
1550 4540
1551 4536
1551 4537
1551 4538
1552 4535
1552 4536
1552 4537
1553 4535
1553 4536
1553 4537
1553 4540
1554 4534
1554 4535
1554 4536
1554 4540
1555 4534
1555 4535
1555 4536
1555 4540
1556 4534
1556 4535
1556 4539
1556 4540
1557 4533
1557 4534
1557 4535
1557 4539
1557 4540
1558 4533
1558 4534
1558 4535
1558 4539
1558 4540
1559 4533
1559 4534
1559 4535
1559 4538
1559 4539
1559 4540
1560 4533
1560 4534
1560 4535
1560 4536
1560 4537
1560 4538
1560 4539
1560 4540
1561 4533
1561 4534
1561 4535
1561 4536
1561 4537
1561 4538
1561 4539
1562 4533
1562 4534
1562 4535
1562 4536
1562 4537
1562 4538
1562 4539
1563 4533
1563 4534
1563 4535
1563 4536
1563 4537
1563 4538
1564 4533
1564 4534
1564 4535
1564 4536
1564 4537
1564 4538
1565 4533
1565 4534
1565 4535
1565 4536
1565 4537
1566 4534
1566 4535
1566 4536
2339 3277
2339 3278
2339 3279
2339 3280
2339 3281
2340 3275
2340 3276
2340 3277
2340 3278
2340 3279
2340 3280
2340 3281
2340 3282
2340 3283
2340 3284
2341 3275
2341 3276
2341 3277
2341 3278
2341 3279
2341 3280
2341 3281
2341 3282
2341 3283
2341 3284
2341 3285
2341 3286
2342 3274
2342 3275
2342 3276
2342 3277
2342 3278
2342 3279
2342 3280
2342 3281
2342 3282
2342 3283
2342 3284
2342 3285
2342 3286
2342 3287
2343 3274
2343 3275
2343 3276
2343 3277
2343 3278
2343 3279
2343 3280
2343 3281
2343 3282
2343 3283
2343 3284
2343 3285
2343 3286
2343 3287
2343 3288
2344 3275
2344 3276
2344 3277
2344 3278
2344 3279
2344 3280
2344 3281
2344 3282
2344 3283
2344 3284
2344 3285
2344 3286
2344 3287
2344 3288
2344 3289
2344 3290
2345 3275
2345 3276
2345 3277
2345 3278
2345 3279
2345 3280
2345 3281
2345 3282
2345 3283
2345 3284
2345 3285
2345 3286
2345 3287
2345 3288
2345 3289
2345 3290
2345 3291
2346 3276
2346 3277
2346 3278
2346 3279
2346 3280
2346 3281
2346 3282
2346 3283
2346 3287
2346 3288
2346 3289
2346 3290
2346 3291
2346 3292
2347 3277
2347 3278
2347 3279
2347 3280
2347 3281
2347 3282
2347 3283
2347 3289
2347 3290
2347 3291
2347 3292
2347 3293
2347 3294
2348 3278
2348 3279
2348 3280
2348 3281
2348 3282
2348 3283
2348 3284
2348 3290
2348 3291
2348 3292
2348 3293
2348 3294
2348 3295
2349 3279
2349 3280
2349 3281
2349 3282
2349 3283
2349 3284
2349 3292
2349 3293
2349 3294
2349 3295
2349 3296
2350 3280
2350 3281
2350 3282
2350 3283
2350 3284
2350 3285
2350 3286
2350 3293
2350 3294
2350 3295
2350 3296
2350 3297
2351 3282
2351 3283
2351 3284
2351 3285
2351 3286
2351 3287
2351 3295
2351 3296
2351 3297
2351 3298
2352 3283
2352 3284
2352 3285
2352 3286
2352 3287
2352 3288
2352 3296
2352 3297
2352 3298
2352 3299
2353 3285
2353 3286
2353 3287
2353 3288
2353 3289
2353 3290
2353 3297
2353 3298
2353 3299
2353 3300
2353 3301
2354 3286
2354 3287
2354 3288
2354 3289
2354 3290
2354 3291
2354 3298
2354 3299
2354 3300
2354 3301
2354 3302
2355 3288
2355 3289
2355 3290
2355 3291
2355 3292
2355 3300
2355 3301
2355 3302
2355 3303
2356 3290
2356 3291
2356 3292
2356 3293
2356 3294
2356 3301
2356 3302
2356 3303
2356 3304
2357 3291
2357 3292
2357 3293
2357 3294
2357 3295
2357 3302
2357 3303
2357 3304
2357 3305
2358 3293
2358 3294
2358 3295
2358 3296
2358 3297
2358 3303
2358 3304
2358 3305
2358 3306
2359 3294
2359 3295
2359 3296
2359 3297
2359 3298
2359 3304
2359 3305
2359 3306
2359 3307
2360 3296
2360 3297
2360 3298
2360 3299
2360 3306
2360 3307
2360 3308
2361 3297
2361 3298
2361 3299
2361 3300
2361 3301
2361 3307
2361 3308
2361 3309
2362 3299
2362 3300
2362 3301
2362 3302
2362 3308
2362 3309
2362 3310
2363 3300
2363 3301
2363 3302
2363 3303
2363 3309
2363 3310
2363 3311
2364 3302
2364 3303
2364 3304
2364 3310
2364 3311
2364 3312
2365 3303
2365 3304
2365 3305
2365 3306
2365 3311
2365 3312
2365 3313
2366 3304
2366 3305
2366 3306
2366 3307
2366 3312
2366 3313
2366 3314
2367 3305
2367 3306
2367 3307
2367 3308
2367 3313
2367 3314
2367 3315
2368 3307
2368 3308
2368 3309
2368 3314
2368 3315
2368 3316
2369 3308
2369 3309
2369 3310
2369 3315
2369 3316
2369 3317
2370 3309
2370 3310
2370 3311
2370 3316
2370 3317
2370 3318
2370 3319
2371 3310
2371 3311
2371 3312
2371 3318
2371 3319
2371 3320
2372 3311
2372 3312
2372 3313
2372 3319
2372 3320
2372 3321
2373 3312
2373 3313
2373 3314
2373 3315
2373 3320
2373 3321
2373 3322
2374 3313
2374 3314
2374 3315
2374 3316
2374 3321
2374 3322
2374 3323
2375 3315
2375 3316
2375 3317
2375 3322
2375 3323
2375 3324
2376 3316
2376 3317
2376 3318
2376 3323
2376 3324
2376 3325
2377 3317
2377 3318
2377 3319
2377 3324
2377 3325
2377 3326
2378 3318
2378 3319
2378 3320
2378 3325
2378 3326
2378 3327
2379 3319
2379 3320
2379 3321
2379 3326
2379 3327
2379 3328
2380 3320
2380 3321
2380 3322
2380 3327
2380 3328
2380 3329
2381 3321
2381 3322
2381 3323
2381 3328
2381 3329
2381 3330
2382 3322
2382 3323
2382 3324
2382 3329
2382 3330
2382 3331
2383 3323
2383 3324
2383 3325
2383 3330
2383 3331
2383 3332
2384 3324
2384 3325
2384 3326
2384 3331
2384 3332
2384 3333
2385 3325
2385 3326
2385 3327
2385 3332
2385 3333
2385 3334
2386 3326
2386 3327
2386 3328
2386 3333
2386 3334
2386 3335
2387 3327
2387 3328
2387 3329
2387 3334
2387 3335
2387 3336
2388 3328
2388 3329
2388 3330
2388 3335
2388 3336
2388 3337
2389 3329
2389 3330
2389 3331
2389 3336
2389 3337
2389 3338
2390 3330
2390 3331
2390 3332
2390 3337
2390 3338
2390 3339
2391 3331
2391 3332
2391 3333
2391 3338
2391 3339
2391 3340
2392 3332
2392 3333
2392 3334
2392 3339
2392 3340
2392 3341
2393 3333
2393 3334
2393 3335
2393 3340
2393 3341
2393 3342
2394 3334
2394 3335
2394 3336
2394 3341
2394 3342
2394 3343
2395 3334
2395 3335
2395 3336
2395 3337
2395 3342
2395 3343
2395 3344
2396 3335
2396 3336
2396 3337
2396 3338
2396 3343
2396 3344
2396 3345
2397 3336
2397 3337
2397 3338
2397 3339
2397 3344
2397 3345
2397 3346
2398 3337
2398 3338
2398 3339
2398 3340
2398 3345
2398 3346
2398 3347
2399 3338
2399 3339
2399 3340
2399 3341
2399 3346
2399 3347
2399 3348
2400 3339
2400 3340
2400 3341
2400 3342
2400 3347
2400 3348
2400 3349
2401 3340
2401 3341
2401 3342
2401 3343
2401 3348
2401 3349
2401 3350
2402 3341
2402 3342
2402 3343
2402 3344
2402 3349
2402 3350
2402 3351
2403 3342
2403 3343
2403 3344
2403 3350
2403 3351
2403 3352
2404 3343
2404 3344
2404 3345
2404 3351
2404 3352
2404 3353
2405 3344
2405 3345
2405 3346
2405 3352
2405 3353
2405 3354
2406 3345
2406 3346
2406 3347
2406 3353
2406 3354
2406 3355
2406 3356
2407 3346
2407 3347
2407 3348
2407 3354
2407 3355
2407 3356
2407 3357
2408 3347
2408 3348
2408 3349
2408 3355
2408 3356
2408 3357
2408 3358
2409 3348
2409 3349
2409 3350
2409 3356
2409 3357
2409 3358
2409 3359
2410 3348
2410 3349
2410 3350
2410 3351
2410 3357
2410 3358
2410 3359
2410 3360
2410 3361
2411 3349
2411 3350
2411 3351
2411 3352
2411 3358
2411 3359
2411 3360
2411 3361
2411 3362
2412 3350
2412 3351
2412 3352
2412 3353
2412 3359
2412 3360
2412 3361
2412 3362
2412 3363
2412 3364
2413 3351
2413 3352
2413 3353
2413 3354
2413 3360
2413 3361
2413 3362
2413 3363
2413 3364
2413 3365
2414 3352
2414 3353
2414 3354
2414 3355
2414 3361
2414 3362
2414 3363
2414 3364
2414 3365
2414 3366
2414 3367
2415 3353
2415 3354
2415 3355
2415 3356
2415 3363
2415 3364
2415 3365
2415 3366
2415 3367
2415 3368
2416 3353
2416 3354
2416 3355
2416 3356
2416 3357
2416 3364
2416 3365
2416 3366
2416 3367
2416 3368
2416 3369
2416 3370
2417 3354
2417 3355
2417 3356
2417 3357
2417 3358
2417 3365
2417 3366
2417 3367
2417 3368
2417 3369
2417 3370
2417 3371
2418 3355
2418 3356
2418 3357
2418 3358
2418 3359
2418 3367
2418 3368
2418 3369
2418 3370
2418 3371
2418 3372
2419 3356
2419 3357
2419 3358
2419 3359
2419 3360
2419 3368
2419 3369
2419 3370
2419 3371
2419 3372
2419 3373
2419 3374
2420 3357
2420 3358
2420 3359
2420 3360
2420 3361
2420 3369
2420 3370
2420 3371
2420 3372
2420 3373
2420 3374
2420 3375
2421 3357
2421 3358
2421 3359
2421 3360
2421 3361
2421 3362
2421 3371
2421 3372
2421 3373
2421 3374
2421 3375
2421 3376
2422 3358
2422 3359
2422 3360
2422 3361
2422 3362
2422 3363
2422 3372
2422 3373
2422 3374
2422 3375
2422 3376
2422 3377
2422 3378
2423 3359
2423 3360
2423 3361
2423 3362
2423 3363
2423 3364
2423 3373
2423 3374
2423 3375
2423 3376
2423 3377
2423 3378
2423 3379
2424 3360
2424 3361
2424 3362
2424 3363
2424 3364
2424 3365
2424 3374
2424 3375
2424 3376
2424 3377
2424 3378
2424 3379
2424 3380
2425 3361
2425 3362
2425 3363
2425 3364
2425 3365
2425 3366
2425 3376
2425 3377
2425 3378
2425 3379
2425 3380
2425 3381
2426 3362
2426 3363
2426 3364
2426 3365
2426 3366
2426 3367
2426 3377
2426 3378
2426 3379
2426 3380
2426 3381
2426 3382
2427 3363
2427 3364
2427 3365
2427 3366
2427 3367
2427 3368
2427 3378
2427 3379
2427 3380
2427 3381
2427 3382
2427 3383
2428 3364
2428 3365
2428 3366
2428 3367
2428 3368
2428 3369
2428 3370
2428 3379
2428 3380
2428 3381
2428 3382
2428 3383
2428 3384
2428 3385
2429 3365
2429 3366
2429 3367
2429 3368
2429 3369
2429 3370
2429 3371
2429 3380
2429 3381
2429 3382
2429 3383
2429 3384
2429 3385
2429 3386
2430 3366
2430 3367
2430 3368
2430 3369
2430 3370
2430 3371
2430 3372
2430 3382
2430 3383
2430 3384
2430 3385
2430 3386
2430 3387
2431 3368
2431 3369
2431 3370
2431 3371
2431 3372
2431 3373
2431 3383
2431 3384
2431 3385
2431 3386
2431 3387
2431 3388
2432 3369
2432 3370
2432 3371
2432 3372
2432 3373
2432 3374
2432 3384
2432 3385
2432 3386
2432 3387
2432 3388
2432 3389
2433 3370
2433 3371
2433 3372
2433 3373
2433 3374
2433 3375
2433 3376
2433 3385
2433 3386
2433 3387
2433 3388
2433 3389
2433 3390
2434 3371
2434 3372
2434 3373
2434 3374
2434 3375
2434 3376
2434 3377
2434 3386
2434 3387
2434 3388
2434 3389
2434 3390
2434 3391
2435 3372
2435 3373
2435 3374
2435 3375
2435 3376
2435 3377
2435 3378
2435 3387
2435 3388
2435 3389
2435 3390
2435 3391
2435 3392
2436 3374
2436 3375
2436 3376
2436 3377
2436 3378
2436 3379
2436 3388
2436 3389
2436 3390
2436 3391
2436 3392
2436 3393
2437 3375
2437 3376
2437 3377
2437 3378
2437 3379
2437 3380
2437 3381
2437 3389
2437 3390
2437 3391
2437 3392
2437 3393
2437 3394
2438 3376
2438 3377
2438 3378
2438 3379
2438 3380
2438 3381
2438 3382
2438 3391
2438 3392
2438 3393
2438 3394
2438 3395
2439 3377
2439 3378
2439 3379
2439 3380
2439 3381
2439 3382
2439 3383
2439 3392
2439 3393
2439 3394
2439 3395
2439 3396
2440 3379
2440 3380
2440 3381
2440 3382
2440 3383
2440 3384
2440 3393
2440 3394
2440 3395
2440 3396
2440 3397
2440 3398
2441 3380
2441 3381
2441 3382
2441 3383
2441 3384
2441 3385
2441 3394
2441 3395
2441 3396
2441 3397
2441 3398
2441 3399
2442 3381
2442 3382
2442 3383
2442 3384
2442 3385
2442 3386
2442 3387
2442 3395
2442 3396
2442 3397
2442 3398
2442 3399
2442 3400
2443 3383
2443 3384
2443 3385
2443 3386
2443 3387
2443 3388
2443 3396
2443 3397
2443 3398
2443 3399
2443 3400
2443 3401
2444 3384
2444 3385
2444 3386
2444 3387
2444 3388
2444 3389
2444 3398
2444 3399
2444 3400
2444 3401
2444 3402
2444 3403
2445 3385
2445 3386
2445 3387
2445 3388
2445 3389
2445 3390
2445 3399
2445 3400
2445 3401
2445 3402
2445 3403
2445 3404
2446 3387
2446 3388
2446 3389
2446 3390
2446 3391
2446 3400
2446 3401
2446 3402
2446 3403
2446 3404
2446 3405
2447 3388
2447 3389
2447 3390
2447 3391
2447 3392
2447 3393
2447 3402
2447 3403
2447 3404
2447 3405
2447 3406
2448 3389
2448 3390
2448 3391
2448 3392
2448 3393
2448 3394
2448 3403
2448 3404
2448 3405
2448 3406
2448 3407
2449 3391
2449 3392
2449 3393
2449 3394
2449 3395
2449 3404
2449 3405
2449 3406
2449 3407
2449 3408
2449 3409
2450 3392
2450 3393
2450 3394
2450 3395
2450 3396
2450 3397
2450 3405
2450 3406
2450 3407
2450 3408
2450 3409
2450 3410
2451 3393
2451 3394
2451 3395
2451 3396
2451 3397
2451 3398
2451 3407
2451 3408
2451 3409
2451 3410
2451 3411
2452 3395
2452 3396
2452 3397
2452 3398
2452 3399
2452 3400
2452 3408
2452 3409
2452 3410
2452 3411
2452 3412
2452 3413
2453 3396
2453 3397
2453 3398
2453 3399
2453 3400
2453 3401
2453 3409
2453 3410
2453 3411
2453 3412
2453 3413
2453 3414
2454 3398
2454 3399
2454 3400
2454 3401
2454 3402
2454 3403
2454 3411
2454 3412
2454 3413
2454 3414
2454 3415
2455 3399
2455 3400
2455 3401
2455 3402
2455 3403
2455 3404
2455 3412
2455 3413
2455 3414
2455 3415
2455 3416
2455 3417
2456 3401
2456 3402
2456 3403
2456 3404
2456 3405
2456 3414
2456 3415
2456 3416
2456 3417
2456 3418
2457 3402
2457 3403
2457 3404
2457 3405
2457 3406
2457 3407
2457 3415
2457 3416
2457 3417
2457 3418
2457 3419
2457 3420
2458 3403
2458 3404
2458 3405
2458 3406
2458 3407
2458 3408
2458 3416
2458 3417
2458 3418
2458 3419
2458 3420
2458 3421
2459 3405
2459 3406
2459 3407
2459 3408
2459 3409
2459 3418
2459 3419
2459 3420
2459 3421
2459 3422
2459 3423
2460 3406
2460 3407
2460 3408
2460 3409
2460 3410
2460 3411
2460 3419
2460 3420
2460 3421
2460 3422
2460 3423
2460 3424
2461 3408
2461 3409
2461 3410
2461 3411
2461 3412
2461 3420
2461 3421
2461 3422
2461 3423
2461 3424
2461 3425
2461 3426
2462 3409
2462 3410
2462 3411
2462 3412
2462 3413
2462 3414
2462 3422
2462 3423
2462 3424
2462 3425
2462 3426
2462 3427
2463 3411
2463 3412
2463 3413
2463 3414
2463 3415
2463 3423
2463 3424
2463 3425
2463 3426
2463 3427
2463 3428
2464 3412
2464 3413
2464 3414
2464 3415
2464 3416
2464 3417
2464 3424
2464 3425
2464 3426
2464 3427
2464 3428
2464 3429
2464 3430
2465 3414
2465 3415
2465 3416
2465 3417
2465 3418
2465 3419
2465 3425
2465 3426
2465 3427
2465 3428
2465 3429
2465 3430
2466 3415
2466 3416
2466 3417
2466 3418
2466 3419
2466 3420
2466 3421
2466 3422
2466 3424
2466 3425
2466 3426
2466 3427
2466 3428
2466 3429
2466 3430
2466 3431
2467 3417
2467 3418
2467 3419
2467 3420
2467 3421
2467 3422
2467 3423
2467 3424
2467 3425
2467 3426
2467 3427
2467 3428
2467 3429
2467 3430
2467 3431
2467 3432
2468 3419
2468 3420
2468 3421
2468 3422
2468 3423
2468 3424
2468 3425
2468 3426
2468 3427
2468 3428
2468 3429
2468 3430
2468 3431
2468 3432
2469 3421
2469 3422
2469 3423
2469 3424
2469 3425
2469 3426
2469 3427
2469 3428
2469 3429
2469 3430
2469 3431
2469 3432
2470 3423
2470 3424
2470 3425
2470 3426
2470 3427
2470 3428
2470 3429
2470 3430
2470 3431
2471 3426
2471 3427
2471 3428
2471 3429
2471 3430
